1.000000 0.000000 0.000000 0.000000 0.000000 1.000000 0.000000 0.000000 0.000000 0.000000 1.000000 0.000000
0.999993 -0.003636 -0.001106 0.705523 0.003637 0.999993 0.001313 -0.013004 0.001101 -0.001317 0.999999 0.033136
0.999968 -0.007729 -0.001978 1.427346 0.007733 0.999968 0.001976 0.007598 0.001963 -0.001992 0.999996 0.029533
0.999921 -0.012254 -0.002766 2.162214 0.012262 0.999920 0.002985 0.028013 0.002729 -0.003018 0.999992 0.030136
0.999856 -0.016696 -0.002872 2.907171 0.016703 0.999858 0.002364 0.039727 0.002832 -0.002412 0.999993 0.032169
0.999765 -0.021346 -0.003737 3.672471 0.021359 0.999766 0.003404 0.063334 0.003664 -0.003483 0.999987 0.043970
0.999647 -0.026180 -0.004413 4.448208 0.026208 0.999637 0.006294 0.089822 0.004246 -0.006408 0.999970 0.053322
0.999519 -0.030793 -0.003552 5.252561 0.030821 0.999491 0.008185 0.111171 0.003299 -0.008291 0.999960 0.051980
0.999381 -0.035155 -0.000969 6.048201 0.035162 0.999347 0.008265 0.139272 0.000677 -0.008294 0.999965 0.055137
0.999251 -0.038681 0.001372 6.843782 0.038670 0.999226 0.007152 0.178597 -0.001647 -0.007093 0.999973 0.057277
0.999154 -0.041107 0.001510 7.662301 0.041095 0.999130 0.007130 0.220247 -0.001802 -0.007061 0.999973 0.064449
0.999068 -0.043146 0.001100 8.485159 0.043138 0.999047 0.006673 0.268003 -0.001387 -0.006619 0.999977 0.059956
0.998984 -0.045060 0.001018 9.320227 0.045054 0.998971 0.005164 0.298487 -0.001250 -0.005113 0.999986 0.074336
0.998895 -0.046974 0.001709 10.172940 0.046965 0.998885 0.004863 0.348604 -0.001935 -0.004777 0.999987 0.071122
0.998819 -0.048554 0.001842 11.027196 0.048552 0.998820 0.001165 0.382520 -0.001896 -0.001074 0.999998 0.076208
0.998728 -0.050426 -0.000169 11.889035 0.050427 0.998722 0.003514 0.445094 -0.000008 -0.003518 0.999994 0.078110
0.998653 -0.051807 -0.002728 12.760293 0.051823 0.998639 0.005943 0.484403 0.002416 -0.006076 0.999979 0.090024
0.998573 -0.053232 -0.004375 13.644657 0.053270 0.998538 0.009211 0.553800 0.003879 -0.009431 0.999948 0.091790
0.998509 -0.054404 -0.004413 14.530005 0.054447 0.998464 0.010220 0.607256 0.003850 -0.010445 0.999938 0.098079
0.998436 -0.055831 -0.003057 15.436416 0.055858 0.998392 0.009660 0.658582 0.002513 -0.009816 0.999949 0.110689
0.998359 -0.057241 -0.001529 16.341890 0.057253 0.998318 0.009143 0.709614 0.001003 -0.009216 0.999957 0.118402
0.998298 -0.058308 -0.001011 17.249597 0.058315 0.998254 0.009396 0.765811 0.000461 -0.009439 0.999955 0.125879
0.998212 -0.059741 -0.001779 18.158696 0.059754 0.998175 0.008666 0.835363 0.001258 -0.008757 0.999961 0.126716
0.998140 -0.060933 -0.002146 19.071582 0.060950 0.998103 0.008639 0.885448 0.001615 -0.008753 0.999960 0.139743
0.998113 -0.061408 -0.000518 20.005220 0.061410 0.998077 0.008424 0.948371 0.000000 -0.008439 0.999964 0.144484
0.998099 -0.061568 0.002737 20.934370 0.061542 0.998066 0.008755 1.011235 -0.003271 -0.008570 0.999958 0.148882
0.998140 -0.060592 0.006661 21.856728 0.060532 0.998126 0.008979 1.070168 -0.007193 -0.008559 0.999938 0.152866
0.998197 -0.059221 0.009794 22.806862 0.059139 0.998214 0.008468 1.123504 -0.010278 -0.007874 0.999916 0.150867
0.998300 -0.057291 0.010678 23.770744 0.057225 0.998341 0.006374 1.189287 -0.011026 -0.005752 0.999923 0.146280
0.998384 -0.056223 0.008250 24.707494 0.056160 0.998393 0.007625 1.238227 -0.008666 -0.007149 0.999937 0.145783
0.998475 -0.055097 0.003596 25.665687 0.055052 0.998417 0.011550 1.307338 -0.004226 -0.011335 0.999927 0.155218
0.998546 -0.053893 0.000724 26.620449 0.053881 0.998482 0.011415 1.354268 -0.001338 -0.011359 0.999935 0.155217
0.998591 -0.053035 0.001847 27.601554 0.053016 0.998551 0.009184 1.408704 -0.002332 -0.009073 0.999956 0.162167
0.998564 -0.053129 0.006830 28.551039 0.053097 0.998577 0.004871 1.455581 -0.007079 -0.004501 0.999965 0.153626
0.998489 -0.053871 0.010823 29.545043 0.053879 0.998547 -0.000453 1.520569 -0.010783 0.001036 0.999941 0.152150
0.998431 -0.054910 0.010934 30.523026 0.055011 0.998444 -0.009083 1.552821 -0.010419 0.009671 0.999899 0.154029
0.998382 -0.056399 0.007243 31.521880 0.056457 0.998372 -0.008132 1.612537 -0.006772 0.008527 0.999941 0.158520
0.998317 -0.057872 0.003620 32.484097 0.057895 0.998301 -0.006609 1.662790 -0.003231 0.006808 0.999972 0.166402
0.998215 -0.059676 0.002422 33.492916 0.059688 0.998203 -0.005229 1.742159 -0.002105 0.005364 0.999983 0.159085
0.998153 -0.060599 0.004381 34.490550 0.060633 0.998127 -0.008175 1.792981 -0.003877 0.008426 0.999957 0.166041
0.998055 -0.061938 0.007109 35.500787 0.061989 0.998051 -0.007221 1.871853 -0.006648 0.007648 0.999949 0.155099
0.997979 -0.063029 0.008135 36.515094 0.063056 0.998005 -0.003055 1.940032 -0.007926 0.003562 0.999962 0.168566
0.997883 -0.064127 0.010840 37.506746 0.064172 0.997931 -0.003900 2.008700 -0.010567 0.004588 0.999934 0.163252
0.997854 -0.063948 0.014070 38.523984 0.064000 0.997944 -0.003304 2.071454 -0.013829 0.004197 0.999896 0.169209
0.997780 -0.064608 0.016151 39.528461 0.064621 0.997910 -0.000303 2.154626 -0.016097 0.001346 0.999870 0.151996
0.997779 -0.064636 0.016103 40.522781 0.064610 0.997908 0.002117 2.219844 -0.016206 -0.001072 0.999868 0.155357
0.997794 -0.064795 0.014466 41.528517 0.064777 0.997898 0.001726 2.293750 -0.014547 -0.000785 0.999894 0.153940
0.997837 -0.064641 0.011929 42.529384 0.064574 0.997895 0.005893 2.363177 -0.012284 -0.005110 0.999911 0.153631
0.997778 -0.065489 0.012229 43.512490 0.065430 0.997844 0.005143 2.431856 -0.012539 -0.004332 0.999912 0.147976
0.997670 -0.066813 0.013794 44.504666 0.066784 0.997764 0.002568 2.500149 -0.013935 -0.001641 0.999902 0.145586
0.997615 -0.067433 0.014726 45.511279 0.067406 0.997723 0.002284 2.572730 -0.014846 -0.001286 0.999889 0.135195
0.997622 -0.067859 0.012023 46.491102 0.067826 0.997692 0.003173 2.646815 -0.012211 -0.002350 0.999923 0.144420
0.997633 -0.068426 0.006792 47.476082 0.068374 0.997631 0.007583 2.721335 -0.007295 -0.007101 0.999948 0.144723
0.997607 -0.068872 0.006019 48.447368 0.068827 0.997601 0.007399 2.798702 -0.006515 -0.006967 0.999955 0.145130
0.997562 -0.069173 0.009217 49.415716 0.069109 0.997583 0.007150 2.861089 -0.009689 -0.006496 0.999932 0.140403
0.997485 -0.069543 0.013687 51.353584 0.069512 0.997577 0.002714 3.006003 -0.013842 -0.001755 0.999903 0.143396
0.997479 -0.069753 0.013039 52.326017 0.069758 0.997564 0.000082 3.062822 -0.013013 0.000828 0.999915 0.148730
0.997469 -0.070062 0.012116 53.276572 0.070108 0.997534 -0.003388 3.128483 -0.011849 0.004229 0.999921 0.153281
0.997383 -0.071056 0.013335 54.229806 0.071116 0.997460 -0.004091 3.195730 -0.013011 0.005028 0.999903 0.146009
0.997253 -0.071952 0.017598 55.200380 0.072087 0.997373 -0.007146 3.269027 -0.017037 0.008395 0.999820 0.139777
0.997072 -0.072945 0.022965 56.143744 0.073186 0.997270 -0.009815 3.330737 -0.022186 0.011467 0.999688 0.139903
0.996987 -0.073351 0.025245 57.091479 0.073583 0.997254 -0.008418 3.407523 -0.024558 0.010250 0.999646 0.120184
0.996964 -0.074709 0.021933 58.038945 0.074885 0.997165 -0.007297 3.489781 -0.021326 0.008918 0.999733 0.116173
0.997002 -0.076059 0.014224 58.953916 0.076134 0.997086 -0.004855 3.562139 -0.013813 0.005924 0.999887 0.117199
0.997013 -0.076705 0.009064 59.868789 0.076736 0.997047 -0.003059 3.642985 -0.008803 0.003745 0.999954 0.119989
0.996919 -0.077887 0.009308 60.795649 0.077877 0.996962 0.001409 3.733105 -0.009390 -0.000680 0.999956 0.107725
0.996814 -0.078898 0.011690 61.677369 0.078848 0.996876 0.004701 3.804194 -0.012024 -0.003765 0.999921 0.113105
0.996699 -0.080091 0.013316 62.561398 0.080031 0.996780 0.004996 3.881436 -0.013673 -0.003914 0.999899 0.114833
0.996626 -0.081045 0.012993 63.430732 0.080952 0.996690 0.007527 3.957888 -0.013560 -0.006450 0.999887 0.122191
0.996485 -0.082636 0.013718 64.288828 0.082525 0.996553 0.008444 4.039199 -0.014368 -0.007283 0.999870 0.115633
0.996348 -0.084173 0.014369 65.127781 0.084050 0.996421 0.008954 4.117886 -0.015072 -0.007713 0.999857 0.114199
0.996215 -0.085621 0.015016 65.949739 0.085493 0.996298 0.008978 4.188687 -0.015729 -0.007661 0.999847 0.120113
0.996086 -0.086919 0.016053 66.752990 0.086769 0.996180 0.009842 4.263225 -0.016848 -0.008410 0.999823 0.117664
0.995937 -0.088144 0.018435 67.568598 0.087930 0.996053 0.012101 4.345535 -0.019428 -0.010431 0.999757 0.112250
0.995745 -0.089430 0.022235 68.360786 0.089168 0.995938 0.012471 4.420081 -0.023260 -0.010435 0.999675 0.102101
0.995539 -0.091238 0.024034 69.128831 0.090897 0.995748 0.014927 4.495501 -0.025294 -0.012676 0.999600 0.096658
0.995488 -0.092628 0.020598 69.892165 0.092271 0.995577 0.017663 4.572912 -0.022143 -0.015683 0.999632 0.102297
0.995498 -0.093873 0.013064 70.610735 0.093620 0.995430 0.018850 4.655259 -0.014774 -0.017542 0.999737 0.093779
0.995449 -0.095016 0.007360 71.336308 0.094869 0.995322 0.018253 4.730429 -0.009060 -0.017472 0.999806 0.101015
0.995409 -0.095540 0.005790 72.018991 0.095404 0.995228 0.020482 4.802652 -0.007720 -0.019835 0.999773 0.093053
0.995311 -0.096306 0.008981 72.709957 0.096091 0.995132 0.021898 4.873694 -0.011046 -0.020932 0.999720 0.096025
0.995146 -0.097721 0.011631 73.367578 0.097458 0.995011 0.021312 4.948781 -0.013656 -0.020075 0.999705 0.103455
0.995100 -0.098474 0.008919 73.974165 0.098294 0.994981 0.018721 5.004206 -0.010718 -0.017753 0.999785 0.107313
0.995148 -0.098281 0.004564 74.605798 0.098224 0.995099 0.011413 5.057928 -0.005663 -0.010910 0.999924 0.114011
0.995264 -0.097213 0.000297 75.204689 0.097206 0.995224 0.008972 5.113855 -0.001168 -0.008900 0.999960 0.122614
0.995566 -0.094069 -0.000363 75.779609 0.094068 0.995514 0.010178 5.181813 -0.000596 -0.010167 0.999948 0.127259
0.995923 -0.090182 0.001990 76.347231 0.090142 0.995816 0.015027 5.243324 -0.003337 -0.014786 0.999885 0.121635
0.996325 -0.085475 0.005483 76.910075 0.085398 0.996262 0.012968 5.282970 -0.006571 -0.012453 0.999901 0.126681
0.996751 -0.079875 0.010337 77.448206 0.079771 0.996762 0.010131 5.325437 -0.011113 -0.009274 0.999895 0.137010
0.997320 -0.071749 0.014323 77.985802 0.071686 0.997415 0.004858 5.349504 -0.014635 -0.003818 0.999886 0.142429
0.998027 -0.061124 0.014329 78.489295 0.061014 0.998105 0.007954 5.388820 -0.014788 -0.007064 0.999866 0.143518
0.998835 -0.046221 0.013857 78.995215 0.046031 0.998846 0.013734 5.418547 -0.014476 -0.013080 0.999810 0.145682
0.999496 -0.028227 0.014515 79.503896 0.027954 0.999436 0.018623 5.447332 -0.015032 -0.018208 0.999721 0.136801
0.999860 -0.006206 0.015509 79.963106 0.005937 0.999832 0.017320 5.434856 -0.015614 -0.017225 0.999730 0.136365
0.999655 0.020095 0.016935 80.433875 -0.020328 0.999699 0.013746 5.416875 -0.016654 -0.014085 0.999762 0.141832
0.998592 0.049530 0.018992 80.891651 -0.049773 0.998682 0.012537 5.382286 -0.018346 -0.013465 0.999741 0.140111
0.996378 0.082457 0.020783 81.344280 -0.082717 0.996501 0.012004 5.337004 -0.019720 -0.013680 0.999712 0.135244
0.992541 0.119896 0.022073 81.795624 -0.120177 0.992682 0.011874 5.269480 -0.020488 -0.014438 0.999686 0.132835
0.986584 0.161580 0.023334 82.192975 -0.161888 0.986736 0.011976 5.195278 -0.021090 -0.015593 0.999656 0.130448
0.978102 0.206766 0.023752 82.627229 -0.207082 0.978254 0.011680 5.104557 -0.020820 -0.016342 0.999650 0.125309
0.966652 0.255025 0.023373 83.052344 -0.255374 0.966750 0.013364 4.958847 -0.019188 -0.018887 0.999637 0.119144
0.951087 0.308121 0.022230 83.416096 -0.308459 0.951138 0.013742 4.843879 -0.016909 -0.019927 0.999658 0.128982
0.931612 0.362831 0.021280 83.830192 -0.363154 0.931626 0.013889 4.634161 -0.014786 -0.020667 0.999677 0.123663
0.907274 0.420022 0.020877 84.146994 -0.420340 0.907255 0.014233 4.479630 -0.012963 -0.021689 0.999681 0.125421
0.878440 0.477442 0.019826 84.481577 -0.477741 0.878376 0.014781 4.267924 -0.010357 -0.022456 0.999694 0.108788
0.845630 0.533459 0.018205 84.855868 -0.533702 0.845573 0.012962 3.989973 -0.008479 -0.020677 0.999750 0.129982
0.808643 0.588031 0.017777 85.111369 -0.588258 0.808575 0.012599 3.770733 -0.006965 -0.020645 0.999763 0.126786
0.769055 0.638903 0.018911 85.440595 -0.639139 0.769012 0.011049 3.463716 -0.007483 -0.020584 0.999760 0.136458
0.726169 0.687180 0.021497 85.652415 -0.687463 0.726146 0.010319 3.225187 -0.008518 -0.022272 0.999716 0.128932
0.681057 0.731890 0.022322 85.886408 -0.732177 0.681059 0.008696 2.927330 -0.008839 -0.022266 0.999713 0.124140
0.634698 0.772504 0.019886 86.149836 -0.772725 0.634705 0.006782 2.570180 -0.007382 -0.019671 0.999779 0.126885
0.587748 0.808875 0.016545 86.309739 -0.809017 0.587772 0.003902 2.288147 -0.006568 -0.015678 0.999856 0.154913
0.540997 0.840842 0.017519 86.513717 -0.841009 0.540995 0.005254 1.933839 -0.005060 -0.017576 0.999833 0.144256
0.493607 0.869449 0.020280 86.656393 -0.869679 0.493556 0.007766 1.626491 -0.003258 -0.021470 0.999764 0.136257
0.448084 0.893748 0.020859 86.815444 -0.893991 0.447980 0.009688 1.285649 -0.000686 -0.022988 0.999735 0.140604
0.405471 0.913987 0.014861 86.964318 -0.914107 0.405405 0.007386 0.907344 0.000726 -0.016579 0.999862 0.129998
0.365897 0.930647 0.004006 87.011961 -0.930652 0.365904 -0.001211 0.575940 -0.002593 -0.003285 0.999991 0.170094
0.330460 0.943820 -0.000366 87.107915 -0.943807 0.330453 -0.005453 0.221121 -0.005026 0.002148 0.999985 0.168695
0.296468 0.955040 0.002052 87.236786 -0.955039 0.296473 -0.002239 -0.164360 -0.002746 -0.001296 0.999995 0.176409
0.265760 0.963982 0.010511 87.338126 -0.964036 0.265713 0.005664 -0.512058 0.002667 -0.011639 0.999929 0.157250
0.237165 0.971344 0.015599 87.429240 -0.971449 0.237025 0.010280 -0.889821 0.006289 -0.017592 0.999825 0.156631
0.211095 0.977357 0.014570 87.508778 -0.977429 0.210935 0.011786 -1.293676 0.008446 -0.016729 0.999824 0.178358
0.167205 0.985922 -0.000849 87.633485 -0.985762 0.167194 0.017861 -2.085215 0.017751 -0.002150 0.999840 0.191296
0.147127 0.989115 -0.002366 87.696629 -0.988802 0.147140 0.024920 -2.534812 0.024997 -0.001327 0.999687 0.177699
0.129499 0.991580 0.000309 87.756766 -0.991246 0.129447 0.025993 -2.959484 0.025734 -0.003673 0.999662 0.187095
0.114018 0.993476 0.002227 87.778585 -0.993256 0.113945 0.021427 -3.403517 0.021033 -0.004655 0.999768 0.197139
0.099101 0.995074 0.002443 87.823217 -0.994919 0.099041 0.018067 -3.892309 0.017737 -0.004221 0.999834 0.216909
0.086013 0.996293 0.001414 87.880835 -0.996177 0.085981 0.015446 -4.368134 0.015267 -0.002737 0.999880 0.227329
0.074038 0.997252 -0.002660 87.896844 -0.997148 0.074069 0.014460 -4.873787 0.014617 0.001582 0.999892 0.238621
0.064135 0.997928 -0.005205 87.927849 -0.997828 0.064205 0.014711 -5.369046 0.015015 0.004250 0.999878 0.248036
0.056187 0.998401 -0.006257 87.954020 -0.998298 0.056277 0.015286 -5.903647 0.015614 0.005388 0.999864 0.259449
0.044869 0.998944 -0.009839 88.013527 -0.998853 0.045025 0.016292 -7.014428 0.016717 0.009097 0.999819 0.279746
0.038625 0.999207 -0.009629 88.021124 -0.999103 0.038784 0.016989 -7.605870 0.017349 0.008964 0.999809 0.283266
0.033877 0.999356 -0.011797 88.047251 -0.999275 0.034074 0.016981 -8.212308 0.017372 0.011213 0.999786 0.296529
0.031105 0.999428 -0.013259 88.064903 -0.999369 0.031325 0.016773 -8.823974 0.017178 0.012729 0.999771 0.308922
0.027918 0.999511 -0.014082 88.079796 -0.999471 0.028147 0.016316 -9.476210 0.016704 0.013619 0.999768 0.322005
0.025677 0.999529 -0.016817 88.085339 -0.999539 0.025943 0.015782 -10.124766 0.016210 0.016404 0.999734 0.333758
0.024644 0.999469 -0.021296 88.104166 -0.999574 0.024968 0.015114 -10.799046 0.015638 0.020914 0.999659 0.350170
0.025328 0.999358 -0.025346 88.118797 -0.999560 0.025709 0.014793 -11.502745 0.015435 0.024961 0.999569 0.360026
0.027909 0.999268 -0.026181 88.142629 -0.999492 0.028300 0.014665 -12.193099 0.015395 0.025759 0.999550 0.370932
0.031416 0.999141 -0.027019 88.159889 -0.999386 0.031820 0.014637 -12.930873 0.015484 0.026543 0.999528 0.387386
0.035658 0.998937 -0.029199 88.177374 -0.999250 0.036081 0.014085 -13.668704 0.015124 0.028675 0.999474 0.400234
0.040029 0.998736 -0.030400 88.220836 -0.999105 0.040423 0.012472 -14.424138 0.013685 0.029874 0.999460 0.414148
0.044007 0.998537 -0.031411 88.246888 -0.998958 0.044364 0.010747 -15.205915 0.012125 0.030905 0.999449 0.426731
0.048159 0.998454 -0.027755 88.305961 -0.998788 0.048421 0.008863 -15.996219 0.010193 0.027295 0.999575 0.433635
0.052281 0.998242 -0.027925 88.341014 -0.998591 0.052514 0.007654 -16.800017 0.009107 0.027486 0.999581 0.439756
0.056356 0.998057 -0.026590 88.397813 -0.998362 0.056596 0.008352 -17.600525 0.009840 0.026075 0.999612 0.454564
0.059801 0.997967 -0.022031 88.459180 -0.998120 0.060078 0.012127 -18.413603 0.013425 0.021264 0.999684 0.476529
0.061026 0.997988 -0.017192 88.533106 -0.997966 0.061324 0.017398 -19.234384 0.018417 0.016095 0.999701 0.485404
0.060979 0.998010 -0.016071 88.582970 -0.997910 0.061302 0.020434 -20.055490 0.021379 0.014792 0.999662 0.510062
0.061413 0.998029 -0.012879 88.651861 -0.997899 0.061662 0.019908 -20.877774 0.020663 0.011629 0.999719 0.526538
0.061357 0.998051 -0.011400 88.708099 -0.997939 0.061558 0.018118 -21.706701 0.018784 0.010264 0.999771 0.554757
0.061361 0.998070 -0.009591 88.743364 -0.997965 0.061516 0.016758 -22.526070 0.017316 0.008543 0.999814 0.576608
0.061748 0.998056 -0.008463 88.802425 -0.997956 0.061877 0.015944 -23.351371 0.016436 0.007461 0.999837 0.601872
0.061792 0.998069 -0.006297 88.858375 -0.997953 0.061887 0.016142 -24.172861 0.016500 0.005287 0.999850 0.621666
0.062094 0.998060 -0.004598 88.917816 -0.997926 0.062163 0.016736 -24.994607 0.016989 0.003550 0.999849 0.644623
0.061126 0.998130 0.000713 88.987767 -0.997971 0.061104 0.017922 -25.805678 0.017845 -0.001807 0.999839 0.671301
0.058354 0.998294 0.002156 89.043239 -0.998143 0.058307 0.017613 -26.622014 0.017457 -0.003180 0.999843 0.689559
0.054483 0.998505 0.004294 89.103720 -0.998388 0.054407 0.016173 -27.437123 0.015915 -0.005168 0.999860 0.712418
0.049555 0.998745 0.007196 89.143063 -0.998683 0.049454 0.013672 -28.250829 0.013299 -0.007864 0.999881 0.734052
0.043029 0.999038 0.008503 89.184806 -0.999007 0.042927 0.011897 -29.063820 0.011520 -0.009007 0.999893 0.749292
0.035952 0.999308 0.009575 89.227298 -0.999290 0.035840 0.011638 -29.896894 0.011286 -0.009987 0.999886 0.773899
0.017002 0.999826 0.007657 89.285042 -0.999772 0.016901 0.013074 -31.518355 0.012943 -0.007877 0.999885 0.811987
-0.003979 0.999954 0.008745 89.290434 -0.999931 -0.004075 0.011061 -33.100850 0.011096 -0.008700 0.999901 0.849302
-0.015142 0.999852 0.008174 89.272466 -0.999835 -0.015223 0.009912 -33.895806 0.010035 -0.008023 0.999917 0.866914
-0.025954 0.999629 0.008301 89.259796 -0.999613 -0.026035 0.009783 -34.684873 0.009995 -0.008044 0.999918 0.882414
-0.037000 0.999277 0.008735 89.230385 -0.999261 -0.037087 0.010072 -35.469790 0.010389 -0.008356 0.999911 0.907038
-0.047756 0.998811 0.009749 89.195163 -0.998795 -0.047861 0.010835 -36.233602 0.011289 -0.009220 0.999894 0.924144
-0.057705 0.998278 0.010527 89.151507 -0.998259 -0.057826 0.011650 -37.001545 0.012238 -0.009837 0.999877 0.943248
-0.067945 0.997641 0.009769 89.104240 -0.997606 -0.068062 0.012203 -37.764452 0.012839 -0.008916 0.999878 0.956978
-0.077092 0.996980 0.009333 89.037014 -0.996937 -0.077206 0.012513 -38.528151 0.013196 -0.008340 0.999878 0.977507
-0.086254 0.996234 0.008783 88.962695 -0.996185 -0.086361 0.012559 -39.252653 0.013270 -0.007666 0.999883 0.993533
-0.095023 0.995446 0.007662 88.904991 -0.995393 -0.095111 0.012138 -40.016072 0.012811 -0.006474 0.999897 1.019360
-0.102821 0.994681 0.006050 88.819342 -0.994633 -0.102883 0.010928 -40.745534 0.011492 -0.004894 0.999922 1.032495
-0.108375 0.994102 0.004026 88.753052 -0.994064 -0.108408 0.009221 -41.479062 0.009603 -0.003003 0.999949 1.053830
-0.112141 0.993690 0.002316 88.682434 -0.993663 -0.112155 0.007416 -42.179994 0.007629 -0.001469 0.999970 1.071232
-0.115016 0.993363 -0.000717 88.587387 -0.993347 -0.115010 0.005793 -42.868937 0.005672 0.001378 0.999983 1.087244
-0.116637 0.993169 -0.003464 88.508497 -0.993162 -0.116618 0.005414 -43.560001 0.004973 0.004072 0.999979 1.098653
-0.117406 0.993075 -0.004143 88.442226 -0.993070 -0.117382 0.005729 -44.233342 0.005204 0.004787 0.999975 1.113893
-0.116629 0.993167 -0.004193 88.366583 -0.993157 -0.116601 0.006526 -44.882648 0.005992 0.004925 0.999970 1.129675
-0.113879 0.993486 -0.004012 88.287327 -0.993469 -0.113846 0.007691 -45.527689 0.007184 0.004862 0.999962 1.150694
-0.108725 0.994059 -0.005067 88.217767 -0.994041 -0.108680 0.008469 -46.154122 0.007868 0.005958 0.999951 1.159495
-0.100952 0.994883 -0.004150 88.172490 -0.994853 -0.100910 0.009181 -46.757085 0.008715 0.005055 0.999949 1.173790
-0.089845 0.995951 -0.003174 88.122974 -0.995917 -0.089814 0.009048 -47.338959 0.008726 0.003974 0.999954 1.185282
-0.075955 0.997104 -0.003712 88.086681 -0.997068 -0.075917 0.009592 -47.924787 0.009283 0.004429 0.999947 1.205526
-0.037464 0.999296 -0.002077 88.041500 -0.999204 -0.037432 0.013792 -48.989312 0.013705 0.002592 0.999903 1.225882
0.015183 0.999884 0.001149 88.074148 -0.999709 0.015159 0.018747 -50.043711 0.018728 -0.001433 0.999824 1.256395
0.048089 0.998841 0.002081 88.119022 -0.998669 0.048042 0.018774 -50.570415 0.018652 -0.002981 0.999822 1.270334
0.085999 0.996293 0.001984 88.174250 -0.996155 0.085953 0.016956 -51.095969 0.016723 -0.003435 0.999854 1.279653
0.128219 0.991743 0.002231 88.263715 -0.991661 0.128179 0.013365 -51.596301 0.012969 -0.003926 0.999908 1.294641
0.172476 0.984998 0.005490 88.382560 -0.984979 0.172421 0.009346 -52.101020 0.008260 -0.007019 0.999941 1.311625
0.220578 0.975327 0.009080 88.529561 -0.975359 0.220523 0.006720 -52.594821 0.004552 -0.010339 0.999936 1.320027
0.271761 0.962286 0.012327 88.662570 -0.962364 0.271718 0.005013 -53.061393 0.001475 -0.013226 0.999911 1.332069
0.325514 0.945455 0.012457 88.868984 -0.945537 0.325476 0.005024 -53.539017 0.000695 -0.013414 0.999910 1.329892
0.382902 0.923744 0.009100 89.070172 -0.923787 0.382861 0.006006 -53.975753 0.002064 -0.010706 0.999941 1.352590
0.442623 0.896690 0.005657 89.269442 -0.896691 0.442568 0.008908 -54.358322 0.005484 -0.009016 0.999944 1.362296
0.501675 0.865056 -0.000094 89.568587 -0.864985 0.501634 0.012826 -54.783167 0.011142 -0.006354 0.999918 1.371276
0.559789 0.828634 -0.001032 89.829140 -0.828501 0.559721 0.017282 -55.142347 0.014898 -0.008819 0.999850 1.368768
0.615251 0.788330 -0.001410 90.143029 -0.788150 0.615146 0.020378 -55.492414 0.016932 -0.011426 0.999791 1.366832
0.717883 0.696145 -0.004984 90.802514 -0.695934 0.717812 0.020549 -56.124375 0.017882 -0.011283 0.999776 1.385110
0.763187 0.646176 -0.001681 91.219549 -0.646060 0.763095 0.017087 -56.420760 0.012324 -0.011955 0.999853 1.409939
0.804926 0.593372 0.001874 91.601185 -0.593349 0.804857 0.011944 -56.680498 0.005579 -0.010726 0.999927 1.408870
0.842127 0.539230 0.007360 91.972467 -0.539278 0.842078 0.009134 -56.889417 -0.001273 -0.011661 0.999931 1.424496
0.873743 0.486237 0.012091 92.432102 -0.486334 0.873746 0.006837 -57.102575 -0.007240 -0.011854 0.999904 1.411745
0.900095 0.435337 0.017627 92.874922 -0.435499 0.900166 0.006514 -57.288636 -0.013031 -0.013539 0.999823 1.418617
0.920939 0.389127 0.021252 93.284311 -0.389363 0.921048 0.008215 -57.440687 -0.016377 -0.015840 0.999740 1.431756
0.936899 0.348722 0.024756 93.766516 -0.349105 0.936991 0.013179 -57.594993 -0.018601 -0.020990 0.999607 1.418375
0.949228 0.313600 0.024937 94.206309 -0.314084 0.949212 0.018635 -57.719418 -0.017826 -0.025521 0.999515 1.423086
0.958982 0.282515 0.023227 94.681226 -0.282986 0.958909 0.020310 -57.834588 -0.016534 -0.026050 0.999524 1.389646
0.965333 0.260062 0.022365 95.155355 -0.260427 0.965373 0.015279 -57.965769 -0.017617 -0.020573 0.999633 1.412277
0.969347 0.244737 0.021700 95.642656 -0.245045 0.969427 0.012833 -58.093179 -0.017896 -0.017757 0.999682 1.404912
0.972443 0.232122 0.021759 96.142615 -0.232485 0.972469 0.015947 -58.187169 -0.017459 -0.020567 0.999636 1.401255
0.974702 0.222309 0.023120 96.630510 -0.222795 0.974636 0.021135 -58.280430 -0.017835 -0.025751 0.999509 1.384143
0.976191 0.215700 0.022901 97.174826 -0.216286 0.975950 0.027247 -58.377585 -0.016473 -0.031551 0.999366 1.380109
0.976854 0.212920 0.020513 97.694963 -0.213535 0.976311 0.034930 -58.481142 -0.012590 -0.038502 0.999179 1.371144
0.977068 0.212132 0.018371 98.214678 -0.212684 0.976432 0.036685 -58.584211 -0.010156 -0.039751 0.999158 1.364933
0.976545 0.214803 0.014848 98.764365 -0.215201 0.975949 0.034816 -58.711235 -0.007012 -0.037195 0.999283 1.363715
0.975794 0.218534 0.008340 99.326395 -0.218692 0.975215 0.033606 -58.847538 -0.000789 -0.034616 0.999400 1.367920
0.974791 0.223076 0.004471 99.895476 -0.223090 0.974126 0.036174 -58.974814 0.003714 -0.036260 0.999335 1.365215
0.973839 0.227168 0.005595 100.470291 -0.227205 0.972994 0.040753 -59.100503 0.003814 -0.040958 0.999154 1.356290
0.972554 0.232474 0.009687 101.052441 -0.232676 0.971661 0.041670 -59.240627 0.000275 -0.042780 0.999084 1.356524
0.971292 0.237451 0.014438 101.641440 -0.237842 0.970518 0.039050 -59.376575 -0.004740 -0.041363 0.999133 1.360557
0.970330 0.241016 0.019232 102.270023 -0.241563 0.969765 0.034678 -59.535479 -0.010293 -0.038295 0.999213 1.359497
0.969365 0.244513 0.023359 102.899264 -0.245169 0.968975 0.031311 -59.697849 -0.014978 -0.036079 0.999237 1.361910
0.968536 0.247774 0.023348 103.550539 -0.248370 0.968275 0.027493 -59.868521 -0.015795 -0.032427 0.999349 1.359483
0.968362 0.248764 0.019801 104.168548 -0.249202 0.968153 0.024030 -60.029087 -0.013193 -0.028204 0.999515 1.349285
0.968575 0.248398 0.012694 104.814235 -0.248636 0.968321 0.023102 -60.199787 -0.006554 -0.025532 0.999653 1.355645
0.968795 0.247761 0.007133 105.477892 -0.247862 0.968320 0.030329 -60.359272 0.000607 -0.031150 0.999515 1.343852
0.969482 0.245127 0.004089 106.153244 -0.245128 0.968939 0.032711 -60.530329 0.004056 -0.032715 0.999456 1.348392
0.969987 0.243039 0.007518 106.862017 -0.243155 0.969503 0.030669 -60.684642 0.000165 -0.031577 0.999501 1.340375
0.970305 0.241492 0.013747 107.564883 -0.241767 0.970032 0.024229 -60.874159 -0.007484 -0.026834 0.999612 1.349454
0.971255 0.237212 0.019836 109.027332 -0.237680 0.970994 0.026063 -61.203085 -0.013078 -0.030028 0.999463 1.345090
0.971887 0.234842 0.016883 109.747437 -0.235286 0.971381 0.032561 -61.373475 -0.008753 -0.035618 0.999327 1.337348
0.972804 0.231328 0.011837 110.483822 -0.231604 0.972197 0.034542 -61.535765 -0.003518 -0.036344 0.999333 1.345766
0.973820 0.227153 0.008670 111.245333 -0.227318 0.973218 0.034252 -61.716105 -0.000657 -0.035326 0.999376 1.336308
0.974696 0.223328 0.009622 112.017806 -0.223526 0.974134 0.033160 -61.904583 -0.001967 -0.034471 0.999404 1.336331
0.975411 0.220124 0.010901 112.808998 -0.220355 0.974973 0.029530 -62.070296 -0.004128 -0.031206 0.999504 1.342604
0.975834 0.218119 0.013094 113.591412 -0.218404 0.975485 0.026993 -62.244255 -0.006885 -0.029200 0.999550 1.338597
0.976055 0.217023 0.014739 114.377968 -0.217338 0.975776 0.024985 -62.426070 -0.008959 -0.027590 0.999579 1.331682
0.976131 0.216651 0.015170 115.205867 -0.216926 0.975989 0.019720 -62.612414 -0.010533 -0.022540 0.999690 1.335851
0.976231 0.216120 0.016295 115.994616 -0.216395 0.976148 0.017567 -62.776862 -0.012110 -0.020675 0.999713 1.323710
0.976164 0.216442 0.016039 116.804615 -0.216787 0.975915 0.024360 -62.948555 -0.010380 -0.027256 0.999575 1.319093
0.975913 0.217661 0.014758 118.471823 -0.218076 0.975185 0.038164 -63.286195 -0.006085 -0.040463 0.999163 1.316327
0.975329 0.220124 0.016691 119.306330 -0.220660 0.974344 0.044305 -63.453163 -0.006510 -0.046895 0.998879 1.315681
0.974555 0.223372 0.018662 120.155708 -0.224003 0.973555 0.044865 -63.617897 -0.008147 -0.047904 0.998819 1.308559
0.974069 0.225501 0.018415 120.989713 -0.226131 0.972977 0.046685 -63.815645 -0.007390 -0.049638 0.998740 1.303707
0.973640 0.227516 0.016144 121.837551 -0.228021 0.972626 0.044773 -64.009793 -0.005515 -0.047274 0.998867 1.315471
0.973254 0.229259 0.014756 122.664901 -0.229662 0.972542 0.037645 -64.222740 -0.005721 -0.040027 0.999182 1.318514
0.973279 0.229239 0.013331 123.500438 -0.229561 0.972746 0.032680 -64.428004 -0.005476 -0.034867 0.999377 1.327624
0.972896 0.230877 0.013020 124.357888 -0.231173 0.972447 0.030100 -64.604258 -0.005712 -0.032294 0.999462 1.335948
0.972544 0.232158 0.016162 125.179185 -0.232577 0.972034 0.032538 -64.811928 -0.008156 -0.035404 0.999340 1.329722
0.971820 0.234250 0.026305 126.861761 -0.235117 0.971264 0.036958 -65.192798 -0.016892 -0.042102 0.998971 1.295961
0.971719 0.236046 0.006724 128.491810 -0.236137 0.971123 0.034059 -65.588311 0.001509 -0.034683 0.999397 1.321148
0.971927 0.235273 -0.002204 129.306238 -0.235093 0.971474 0.031131 -65.788045 0.009466 -0.029739 0.999513 1.355504
0.972066 0.234634 0.005865 130.125491 -0.234703 0.971593 0.030365 -65.990744 0.001426 -0.030893 0.999522 1.347796
0.972102 0.233388 0.023401 130.988030 -0.233910 0.971990 0.022822 -66.181518 -0.017419 -0.027660 0.999466 1.324473
0.972102 0.231843 0.035575 131.800882 -0.232517 0.972459 0.016096 -66.396183 -0.030863 -0.023918 0.999237 1.299241
0.972370 0.231008 0.033636 132.609774 -0.231755 0.972563 0.020250 -66.571780 -0.028035 -0.027486 0.999229 1.319502
0.972939 0.230034 0.021784 133.416006 -0.230638 0.972539 0.031218 -66.742304 -0.014005 -0.035397 0.999275 1.340183
0.973340 0.228995 0.013046 134.218767 -0.229315 0.972749 0.034258 -66.935871 -0.004845 -0.036337 0.999328 1.311507
0.973837 0.226970 0.011252 135.030581 -0.227210 0.973396 0.029609 -67.126236 -0.004232 -0.031391 0.999498 1.314097
0.974393 0.224527 0.012088 135.856488 -0.224782 0.974020 0.027548 -67.304598 -0.005589 -0.029560 0.999547 1.317178
0.975268 0.220731 0.011409 136.650841 -0.220973 0.974861 0.028599 -67.475107 -0.004809 -0.030412 0.999526 1.326724
0.976367 0.215885 0.010023 137.462400 -0.216089 0.975942 0.029020 -67.652217 -0.003517 -0.030500 0.999529 1.327561
0.977089 0.212563 0.010686 138.255404 -0.212806 0.976517 0.033582 -67.815476 -0.003297 -0.035087 0.999379 1.337577
0.977549 0.210378 0.011802 139.076418 -0.210683 0.976774 0.039043 -67.969265 -0.003314 -0.040653 0.999168 1.336665
0.978099 0.207355 0.018090 140.676746 -0.207933 0.977315 0.040238 -68.310061 -0.009336 -0.043118 0.999026 1.333692
0.978412 0.205846 0.018342 141.481321 -0.206425 0.977683 0.039040 -68.469152 -0.009897 -0.041984 0.999069 1.338166
0.978920 0.203682 0.015160 142.265099 -0.204113 0.978254 0.036842 -68.630326 -0.007327 -0.039159 0.999206 1.348817
0.979849 0.199468 0.010429 143.047382 -0.199704 0.979325 0.032266 -68.803231 -0.003777 -0.033698 0.999425 1.358581
0.981125 0.193177 0.008715 143.841235 -0.193356 0.980644 0.030852 -68.953278 -0.002586 -0.031955 0.999486 1.362029
0.982357 0.186553 0.013136 144.619224 -0.186858 0.981986 0.028073 -69.102704 -0.007662 -0.030032 0.999520 1.360863
0.983366 0.180416 0.020989 145.414127 -0.180902 0.983203 0.024195 -69.243540 -0.016271 -0.027589 0.999487 1.361619
0.983859 0.176429 0.029896 146.244772 -0.177187 0.983861 0.024928 -69.394580 -0.025016 -0.029823 0.999242 1.355653
0.984532 0.172042 0.033129 147.024977 -0.172906 0.984615 0.025222 -69.515598 -0.028280 -0.030560 0.999133 1.338660
0.985468 0.167277 0.029522 147.835995 -0.168132 0.985327 0.029356 -69.634010 -0.024178 -0.033893 0.999133 1.324005
0.986793 0.160758 0.019891 148.604053 -0.161333 0.986389 0.031752 -69.751630 -0.014516 -0.034542 0.999298 1.331389
0.987949 0.154199 0.013362 149.382844 -0.154542 0.987520 0.030358 -69.884247 -0.008514 -0.032057 0.999450 1.312144
0.988924 0.147731 0.014323 150.218536 -0.148103 0.988522 0.029820 -69.999390 -0.009753 -0.031611 0.999453 1.316505
0.990010 0.139818 0.018178 151.040011 -0.140380 0.989492 0.034618 -70.107093 -0.013147 -0.036824 0.999235 1.301592
0.991093 0.132047 0.017244 151.849707 -0.132647 0.990346 0.040243 -70.194977 -0.011763 -0.042172 0.999041 1.304570
0.993468 0.113772 0.008809 153.465187 -0.114041 0.992617 0.041310 -70.372635 -0.004044 -0.042045 0.999108 1.302596
0.994360 0.105470 0.011117 154.292636 -0.105846 0.993506 0.041742 -70.454760 -0.006643 -0.042683 0.999067 1.310394
0.995052 0.097708 0.018043 155.132005 -0.098412 0.994196 0.043465 -70.519811 -0.013691 -0.045025 0.998892 1.291974
0.995729 0.089257 0.023589 155.961577 -0.090266 0.994862 0.045840 -70.581372 -0.019376 -0.047774 0.998670 1.294907
0.996343 0.081169 0.026680 156.795873 -0.082337 0.995539 0.046081 -70.651332 -0.022821 -0.048109 0.998581 1.291436
0.996788 0.074796 0.028621 157.623268 -0.076057 0.996050 0.045832 -70.705163 -0.025080 -0.047861 0.998539 1.280114
0.997122 0.070774 0.027196 158.438439 -0.071968 0.996356 0.045770 -70.762167 -0.023857 -0.047596 0.998582 1.270812
0.997572 0.066289 0.021330 159.274612 -0.067285 0.996482 0.049954 -70.794387 -0.017944 -0.051268 0.998524 1.259330
0.997913 0.062657 0.015639 160.076989 -0.063440 0.996417 0.055938 -70.826101 -0.012078 -0.056813 0.998312 1.244139
0.998121 0.059926 0.012769 160.892672 -0.060570 0.996471 0.058102 -70.864047 -0.009242 -0.058766 0.998229 1.245258
0.998237 0.056355 0.018645 161.731425 -0.057361 0.996625 0.058730 -70.903468 -0.015272 -0.059696 0.998100 1.241387
0.998153 0.053755 0.028297 162.550746 -0.055377 0.996657 0.060067 -70.946664 -0.024974 -0.061523 0.997793 1.215714
0.998108 0.049957 0.035843 163.410147 -0.052099 0.996743 0.061551 -70.978409 -0.032651 -0.063302 0.997460 1.216454
0.998908 0.040574 0.023184 165.017617 -0.041649 0.997982 0.047940 -71.054204 -0.021192 -0.048853 0.998581 1.205214
0.999462 0.027085 0.018522 166.648636 -0.028021 0.998238 0.052313 -71.101996 -0.017072 -0.052804 0.998459 1.167164
0.999516 0.019285 0.024404 167.478896 -0.020416 0.998688 0.046955 -71.113515 -0.023466 -0.047430 0.998599 1.154868
0.999534 0.011757 0.028166 168.331676 -0.012926 0.999047 0.041683 -71.124086 -0.027649 -0.042028 0.998734 1.153609
0.999489 0.006015 0.031402 169.148969 -0.007147 0.999324 0.036067 -71.137994 -0.031164 -0.036273 0.998856 1.122614
0.999659 -0.006331 0.025318 170.839217 0.005720 0.999693 0.024118 -71.144827 -0.025463 -0.023965 0.999388 1.107659
0.999801 -0.013095 0.015054 171.660542 0.012837 0.999772 0.017078 -71.132090 -0.015274 -0.016881 0.999741 1.082107
0.999747 -0.019779 0.010704 172.499539 0.019634 0.999716 0.013471 -71.149852 -0.010968 -0.013257 0.999852 1.074317
0.999484 -0.026440 0.018214 173.379920 0.026171 0.999547 0.014851 -71.111002 -0.018599 -0.014367 0.999724 1.072475
0.999006 -0.032058 0.030978 174.225345 0.031415 0.999285 0.021024 -71.063739 -0.031630 -0.020030 0.999299 1.045718
0.998610 -0.036497 0.038028 175.071053 0.035511 0.999023 0.026288 -71.024632 -0.038951 -0.024901 0.998931 1.035139
0.998536 -0.040539 0.035805 175.916454 0.039685 0.998918 0.024263 -70.973811 -0.036750 -0.022806 0.999064 1.014536
0.998853 -0.045228 0.015696 177.586570 0.044628 0.998331 0.036655 -70.871897 -0.017327 -0.035913 0.999205 0.981199
0.998798 -0.047518 0.012046 178.462973 0.047040 0.998198 0.037257 -70.815582 -0.013795 -0.036646 0.999233 0.972186
0.998628 -0.049465 0.017204 179.302300 0.048916 0.998323 0.030970 -70.783076 -0.018707 -0.030086 0.999372 0.968285
0.998432 -0.049787 0.025576 180.152649 0.049066 0.998401 0.028085 -70.735950 -0.026933 -0.026786 0.999278 0.945404
0.998265 -0.049789 0.031422 180.993506 0.048803 0.998315 0.031387 -70.700725 -0.032932 -0.029799 0.999013 0.929168
0.998191 -0.051530 0.030982 181.853409 0.050526 0.998198 0.032362 -70.639595 -0.032594 -0.030738 0.998996 0.917459
0.998312 -0.053559 0.022469 182.691267 0.052907 0.998188 0.028675 -70.592497 -0.023964 -0.027438 0.999336 0.903275
0.998430 -0.054866 0.011310 183.542151 0.054553 0.998164 0.026334 -70.562741 -0.012734 -0.025676 0.999589 0.890816
0.998350 -0.056936 0.007386 184.376302 0.056819 0.998268 0.015237 -70.524893 -0.008240 -0.014792 0.999857 0.893179
0.998245 -0.058053 0.011698 185.250009 0.057843 0.998171 0.017563 -70.466896 -0.012696 -0.016856 0.999777 0.885692
0.997989 -0.059580 0.021635 186.127920 0.059158 0.998056 0.019634 -70.407144 -0.022763 -0.018315 0.999573 0.863952
0.997807 -0.060798 0.026169 186.972219 0.060303 0.997993 0.019325 -70.349400 -0.027291 -0.017705 0.999471 0.863060
0.997857 -0.061506 0.022325 187.793168 0.061060 0.997930 0.020162 -70.300407 -0.023519 -0.018755 0.999547 0.856338
0.997972 -0.061407 0.016736 188.644421 0.061043 0.997904 0.021471 -70.233776 -0.018019 -0.020406 0.999629 0.854368
0.997963 -0.061855 0.015636 189.481285 0.061430 0.997765 0.026300 -70.153804 -0.017228 -0.025286 0.999532 0.838210
0.997885 -0.062370 0.018342 190.302394 0.061828 0.997672 0.028759 -70.099031 -0.020093 -0.027564 0.999418 0.824709
0.997772 -0.063170 0.021474 191.168424 0.062448 0.997509 0.032792 -70.026880 -0.023492 -0.031378 0.999231 0.818863
0.997689 -0.063630 0.023831 192.012527 0.062726 0.997347 0.036927 -69.978747 -0.026118 -0.035347 0.999034 0.809710
0.997666 -0.064008 0.023775 192.823518 0.063078 0.997285 0.038010 -69.918662 -0.026143 -0.036421 0.998995 0.797296
0.997697 -0.064651 0.020528 193.646518 0.063817 0.997200 0.038978 -69.863251 -0.022990 -0.037578 0.999029 0.799586
0.997734 -0.065558 0.015146 194.436203 0.064888 0.997043 0.041157 -69.808810 -0.017799 -0.040081 0.999038 0.789393
0.997662 -0.066536 0.015611 195.274027 0.065814 0.996909 0.042900 -69.735479 -0.018418 -0.041772 0.998957 0.790000
0.997301 -0.069259 0.024356 196.108310 0.068140 0.996699 0.044126 -69.686586 -0.027331 -0.042348 0.998729 0.762369
0.996803 -0.071760 0.035145 197.659447 0.070529 0.996893 0.035079 -69.591296 -0.037553 -0.032488 0.998766 0.721987
0.996920 -0.072453 0.030016 198.416419 0.071499 0.996936 0.031717 -69.528797 -0.032222 -0.029473 0.999046 0.739749
0.997118 -0.071764 0.024622 199.146853 0.070924 0.996921 0.033451 -69.474042 -0.026946 -0.031608 0.999137 0.714829
0.997291 -0.070968 0.019346 199.851826 0.070270 0.996927 0.034632 -69.422070 -0.021744 -0.033179 0.999213 0.711564
0.997423 -0.070049 0.015475 200.567645 0.069540 0.997088 0.031288 -69.362383 -0.017622 -0.030131 0.999391 0.690839
0.997664 -0.067301 0.011736 201.247920 0.066956 0.997372 0.027658 -69.306116 -0.013567 -0.026807 0.999549 0.701061
0.998220 -0.057432 0.016059 202.604212 0.056984 0.998007 0.027093 -69.209193 -0.017583 -0.026129 0.999504 0.723226
0.998365 -0.051306 0.025214 203.275649 0.050508 0.998232 0.031323 -69.179628 -0.026776 -0.029998 0.999191 0.711225
0.998530 -0.045691 0.029173 203.931646 0.044612 0.998333 0.036616 -69.129988 -0.030797 -0.035261 0.998903 0.696212
0.998855 -0.039498 0.027000 204.601255 0.038462 0.998542 0.037868 -69.095027 -0.028457 -0.036786 0.998918 0.663041
0.999303 -0.031938 0.019345 205.265529 0.031232 0.998872 0.035759 -69.068152 -0.020465 -0.035130 0.999173 0.648188
0.999637 -0.024693 0.010803 205.906107 0.024303 0.999097 0.034865 -69.043987 -0.011654 -0.034590 0.999334 0.653482
0.999833 -0.017036 0.006594 206.540221 0.016775 0.999144 0.037807 -69.020730 -0.007232 -0.037690 0.999263 0.666849
0.999912 -0.010520 0.008128 207.206483 0.010197 0.999194 0.038825 -69.025373 -0.008530 -0.038739 0.999213 0.657552
0.999902 -0.004344 0.013293 207.837914 0.003882 0.999392 0.034638 -69.034158 -0.013435 -0.034583 0.999312 0.659067
0.999821 0.001779 0.018824 208.489180 -0.002314 0.999593 0.028444 -69.045912 -0.018765 -0.028482 0.999418 0.646315
0.999752 0.007578 0.020964 209.130129 -0.008069 0.999692 0.023461 -69.064612 -0.020780 -0.023624 0.999505 0.649705
0.999691 0.010954 0.022321 209.770943 -0.011516 0.999616 0.025211 -69.085868 -0.022036 -0.025460 0.999433 0.647296
0.999647 0.012027 0.023689 210.416099 -0.012660 0.999562 0.026754 -69.078729 -0.023357 -0.027044 0.999361 0.636332
0.999539 0.011346 0.028170 211.710745 -0.012103 0.999565 0.026877 -69.083970 -0.027853 -0.027206 0.999242 0.611845
0.999490 0.011255 0.029874 212.379934 -0.012148 0.999480 0.029877 -69.101534 -0.029522 -0.030225 0.999107 0.593961
0.999616 0.010768 0.025547 213.024378 -0.011693 0.999270 0.036357 -69.079009 -0.025136 -0.036642 0.999012 0.585779
0.999796 0.010183 0.017424 213.668732 -0.010887 0.999109 0.040767 -69.074041 -0.016993 -0.040949 0.999017 0.581741
