1.000000 0.000000 0.000000 0.000000 0.000000 1.000000 0.000000 0.000000 0.000000 0.000000 1.000000 0.000000
0.999993 -0.003634 -0.001106 0.707027 0.003636 0.999993 0.001278 -0.010943 0.001101 -0.001282 0.999999 0.033736
0.999968 -0.007734 -0.001968 1.424662 0.007738 0.999968 0.002035 0.008946 0.001952 -0.002050 0.999996 0.030457
0.999921 -0.012291 -0.002771 2.159303 0.012299 0.999920 0.003045 0.029510 0.002733 -0.003079 0.999992 0.031006
0.999856 -0.016726 -0.002877 2.906398 0.016733 0.999857 0.002415 0.040975 0.002836 -0.002462 0.999993 0.032445
0.999764 -0.021404 -0.003714 3.670111 0.021417 0.999765 0.003399 0.063471 0.003641 -0.003478 0.999987 0.043704
0.999647 -0.026211 -0.004407 4.446566 0.026238 0.999636 0.006309 0.089912 0.004240 -0.006423 0.999970 0.053540
0.999516 -0.030913 -0.003518 5.250008 0.030941 0.999487 0.008223 0.110137 0.003262 -0.008328 0.999960 0.052177
0.999244 -0.038861 0.001480 6.853349 0.038850 0.999223 0.006702 0.177251 -0.001739 -0.006639 0.999976 0.058894
0.999149 -0.041225 0.001460 7.661287 0.041213 0.999123 0.007343 0.219911 -0.001762 -0.007276 0.999972 0.067631
0.999068 -0.043147 0.001222 8.481653 0.043138 0.999047 0.006647 0.265195 -0.001508 -0.006588 0.999977 0.060429
0.998973 -0.045289 0.000996 9.319167 0.045283 0.998960 0.005342 0.301289 -0.001237 -0.005292 0.999985 0.075675
0.998885 -0.047174 0.001591 10.174129 0.047164 0.998872 0.005581 0.349136 -0.001852 -0.005500 0.999983 0.074047
0.998803 -0.048866 0.001929 11.025436 0.048864 0.998805 0.001234 0.384499 -0.001987 -0.001139 0.999997 0.076948
0.998726 -0.050468 -0.000333 11.901585 0.050469 0.998718 0.003988 0.449025 0.000132 -0.004000 0.999992 0.081579
0.998648 -0.051905 -0.002720 12.767788 0.051920 0.998635 0.005773 0.492253 0.002417 -0.005907 0.999980 0.091485
0.998561 -0.053460 -0.004297 13.645247 0.053496 0.998528 0.008946 0.553989 0.003812 -0.009162 0.999951 0.091076
0.998493 -0.054715 -0.004328 14.532770 0.054757 0.998449 0.010072 0.602636 0.003770 -0.010293 0.999940 0.099080
0.998419 -0.056128 -0.003010 15.434614 0.056154 0.998377 0.009444 0.656303 0.002475 -0.009598 0.999951 0.110141
0.998354 -0.057338 -0.001612 16.342528 0.057350 0.998312 0.009180 0.708648 0.001083 -0.009258 0.999957 0.120059
0.998282 -0.058582 -0.001098 17.263195 0.058590 0.998238 0.009428 0.762580 0.000544 -0.009476 0.999955 0.132002
0.998199 -0.059968 -0.001762 18.160106 0.059981 0.998163 0.008516 0.834855 0.001248 -0.008607 0.999962 0.128076
0.998120 -0.061257 -0.002123 19.085974 0.061274 0.998080 0.009016 0.877896 0.001566 -0.009129 0.999957 0.140461
0.998098 -0.061642 -0.000629 20.000608 0.061646 0.998061 0.008652 0.944523 0.000095 -0.008674 0.999962 0.147142
0.998077 -0.061936 0.002645 20.926794 0.061911 0.998045 0.008524 1.000240 -0.003168 -0.008343 0.999960 0.149862
0.998136 -0.060680 0.006467 21.874558 0.060624 0.998124 0.008574 1.073190 -0.006975 -0.008166 0.999942 0.152795
0.998188 -0.059394 0.009635 22.799046 0.059315 0.998205 0.008275 1.118416 -0.010110 -0.007688 0.999919 0.149745
0.998291 -0.057476 0.010553 23.746354 0.057411 0.998330 0.006413 1.188455 -0.010904 -0.005797 0.999924 0.146654
0.998390 -0.056126 0.008168 24.702097 0.056063 0.998397 0.007791 1.243958 -0.008592 -0.007320 0.999936 0.146258
0.998535 -0.054115 0.000653 26.620877 0.054104 0.998476 0.010921 1.365436 -0.001243 -0.010870 0.999940 0.156749
0.998579 -0.053265 0.001683 27.587924 0.053247 0.998536 0.009564 1.403659 -0.002190 -0.009461 0.999953 0.163769
0.998569 -0.053052 0.006707 28.552539 0.053019 0.998581 0.004932 1.474865 -0.006959 -0.004570 0.999965 0.156313
0.998496 -0.053812 0.010473 29.534812 0.053817 0.998551 -0.000124 1.518064 -0.010451 0.000688 0.999945 0.149683
0.998436 -0.054892 0.010590 30.526340 0.054986 0.998449 -0.008739 1.560080 -0.010093 0.009308 0.999906 0.157850
0.998391 -0.056267 0.007068 31.520105 0.056314 0.998391 -0.006618 1.610837 -0.006684 0.007006 0.999953 0.165783
0.998321 -0.057836 0.003284 32.490342 0.057855 0.998306 -0.006187 1.676390 -0.002921 0.006367 0.999975 0.170455
0.998199 -0.059950 0.002261 33.484778 0.059961 0.998187 -0.005227 1.738680 -0.001944 0.005354 0.999984 0.162287
0.998137 -0.060873 0.004234 34.495233 0.060907 0.998107 -0.008543 1.795547 -0.003706 0.008785 0.999955 0.170644
0.998049 -0.062035 0.007016 35.486671 0.062083 0.998048 -0.006823 1.873955 -0.006579 0.007245 0.999952 0.158729
0.997973 -0.063129 0.008039 36.517701 0.063157 0.997998 -0.003333 1.943834 -0.007812 0.003834 0.999962 0.169465
0.997881 -0.064200 0.010587 37.500579 0.064246 0.997926 -0.004036 2.014721 -0.010305 0.004707 0.999936 0.165624
0.997842 -0.064186 0.013858 38.526213 0.064237 0.997929 -0.003277 2.070137 -0.013619 0.004160 0.999899 0.172664
0.997774 -0.064766 0.015859 39.534624 0.064766 0.997900 0.000530 2.157094 -0.015860 0.000499 0.999874 0.155364
0.997780 -0.064682 0.015868 40.518874 0.064647 0.997904 0.002756 2.225301 -0.016013 -0.001724 0.999870 0.157209
0.997785 -0.064960 0.014304 41.522268 0.064933 0.997887 0.002354 2.297499 -0.014427 -0.001420 0.999895 0.157325
0.997836 -0.064712 0.011654 42.519194 0.064639 0.997887 0.006536 2.369081 -0.012053 -0.005768 0.999911 0.159787
0.997773 -0.065604 0.012020 43.505337 0.065537 0.997833 0.005898 2.438699 -0.012380 -0.005097 0.999910 0.154091
0.997670 -0.066873 0.013511 44.499321 0.066840 0.997760 0.002877 2.500571 -0.013673 -0.001968 0.999905 0.152693
0.997595 -0.067775 0.014484 45.494106 0.067742 0.997699 0.002787 2.568846 -0.014639 -0.001800 0.999891 0.140558
0.997602 -0.068193 0.011849 46.474271 0.068149 0.997667 0.004091 2.646290 -0.012100 -0.003274 0.999921 0.151322
0.997621 -0.068613 0.006723 47.459105 0.068560 0.997617 0.007739 2.725559 -0.007238 -0.007260 0.999947 0.148545
0.997602 -0.068962 0.005802 48.421186 0.068915 0.997591 0.007945 2.802455 -0.006336 -0.007526 0.999952 0.151308
0.997537 -0.069540 0.009143 49.397307 0.069474 0.997557 0.007325 2.867503 -0.009631 -0.006671 0.999931 0.145461
0.997491 -0.069579 0.013070 50.380947 0.069528 0.997571 0.004358 2.929693 -0.013341 -0.003438 0.999905 0.154741
0.997484 -0.069621 0.013399 51.340879 0.069579 0.997570 0.003584 3.009022 -0.013616 -0.002643 0.999904 0.146488
0.997472 -0.069893 0.012826 52.313707 0.069892 0.997554 0.000507 3.066798 -0.012830 0.000391 0.999918 0.153502
0.997480 -0.069949 0.011830 53.270489 0.069989 0.997543 -0.002967 3.128205 -0.011594 0.003787 0.999926 0.159016
0.997378 -0.071198 0.012995 54.231207 0.071243 0.997454 -0.003090 3.203298 -0.012742 0.004008 0.999911 0.150307
0.997252 -0.072027 0.017333 55.195687 0.072145 0.997375 -0.006234 3.271691 -0.016838 0.007468 0.999830 0.148034
0.997070 -0.073016 0.022798 56.147566 0.073224 0.997280 -0.008421 3.338588 -0.022121 0.010066 0.999705 0.147780
0.996987 -0.073408 0.025059 57.076350 0.073632 0.997252 -0.008135 3.405839 -0.024393 0.009956 0.999653 0.125548
0.996968 -0.074763 0.021581 58.033779 0.074917 0.997169 -0.006442 3.490243 -0.021038 0.008039 0.999746 0.122606
0.996999 -0.076176 0.013824 58.958110 0.076231 0.997084 -0.003531 3.568536 -0.013515 0.004574 0.999898 0.128351
0.996990 -0.077030 0.008753 59.868592 0.077051 0.997025 -0.002095 3.646990 -0.008566 0.002763 0.999959 0.126830
0.996909 -0.078061 0.008912 60.790967 0.078042 0.996947 0.002434 3.735951 -0.009074 -0.001731 0.999957 0.115893
0.996812 -0.078971 0.011370 61.669668 0.078936 0.996873 0.003532 3.818043 -0.011613 -0.002623 0.999929 0.117938
0.996689 -0.080281 0.012916 62.554030 0.080212 0.996761 0.005756 3.887453 -0.013336 -0.004700 0.999900 0.123667
0.996619 -0.081187 0.012594 63.428377 0.081100 0.996679 0.007320 3.963786 -0.013146 -0.006274 0.999894 0.126606
0.996472 -0.082840 0.013444 64.274229 0.082732 0.996536 0.008461 4.045742 -0.014099 -0.007319 0.999874 0.122220
0.996341 -0.084291 0.014100 65.130589 0.084174 0.996413 0.008696 4.120519 -0.014783 -0.007477 0.999863 0.123494
0.996208 -0.085741 0.014738 65.943272 0.085606 0.996283 0.009556 4.191009 -0.015503 -0.008258 0.999846 0.130533
0.996073 -0.087126 0.015710 66.750680 0.086967 0.996155 0.010574 4.268662 -0.016570 -0.009166 0.999821 0.130046
0.995922 -0.088367 0.018177 67.564049 0.088162 0.996036 0.011799 4.355863 -0.019147 -0.010149 0.999765 0.118230
0.995728 -0.089704 0.021902 68.343306 0.089431 0.995906 0.013154 4.428133 -0.022992 -0.011139 0.999674 0.110764
0.995531 -0.091386 0.023813 69.117609 0.091040 0.995731 0.015221 4.505382 -0.025102 -0.012985 0.999601 0.104750
0.995490 -0.092689 0.020183 69.873025 0.092325 0.995561 0.018304 4.577918 -0.021790 -0.016358 0.999629 0.109843
0.995493 -0.093980 0.012717 70.606644 0.093713 0.995396 0.020136 4.661598 -0.014551 -0.018854 0.999716 0.105850
0.995441 -0.095122 0.007017 71.320746 0.094971 0.995290 0.019436 4.739685 -0.008833 -0.018681 0.999786 0.109123
0.995404 -0.095615 0.005284 72.012713 0.095478 0.995191 0.021888 4.809289 -0.007352 -0.021283 0.999746 0.100617
0.995302 -0.096426 0.008696 72.697472 0.096210 0.995106 0.022515 4.884201 -0.010824 -0.021573 0.999709 0.107709
0.995131 -0.097896 0.011466 73.348049 0.097629 0.994981 0.021962 4.950135 -0.013558 -0.020735 0.999693 0.112574
0.995082 -0.098682 0.008537 73.971406 0.098501 0.994947 0.019438 5.013428 -0.010412 -0.018501 0.999775 0.115781
0.995143 -0.098347 0.004274 74.586421 0.098290 0.995085 0.012015 5.064984 -0.005435 -0.011536 0.999919 0.125491
0.995248 -0.097370 0.000120 75.197658 0.097365 0.995209 0.008883 5.123112 -0.000984 -0.008829 0.999961 0.132954
0.995534 -0.094397 -0.000703 75.781600 0.094399 0.995481 0.010322 5.191282 -0.000275 -0.010343 0.999946 0.136498
0.995909 -0.090347 0.001638 76.342347 0.090310 0.995790 0.015680 5.248744 -0.003047 -0.015468 0.999876 0.132321
0.996311 -0.085661 0.005150 76.898187 0.085582 0.996232 0.014054 5.296324 -0.006334 -0.013561 0.999888 0.139727
0.996744 -0.080006 0.010049 77.428873 0.079899 0.996746 0.010646 5.336894 -0.010868 -0.009809 0.999893 0.146082
0.997313 -0.071914 0.013995 77.980902 0.071848 0.997402 0.005181 5.354864 -0.014331 -0.004162 0.999889 0.153025
0.998027 -0.061209 0.013957 78.490705 0.061098 0.998098 0.008237 5.398035 -0.014434 -0.007368 0.999869 0.155643
0.998829 -0.046458 0.013480 78.988070 0.046260 0.998822 0.014622 5.428342 -0.014144 -0.013981 0.999802 0.156345
0.999501 -0.028232 0.014152 79.481696 0.027951 0.999415 0.019713 5.449569 -0.014700 -0.019308 0.999706 0.147585
0.999865 -0.006290 0.015198 79.943903 0.006012 0.999815 0.018246 5.453119 -0.015310 -0.018152 0.999718 0.150716
0.999663 0.020059 0.016500 80.432419 -0.020300 0.999688 0.014552 5.428878 -0.016203 -0.014882 0.999758 0.153268
0.998603 0.049413 0.018730 80.864894 -0.049661 0.998681 0.013047 5.395559 -0.018061 -0.013959 0.999739 0.152702
0.996397 0.082265 0.020617 81.321019 -0.082536 0.996507 0.012687 5.347022 -0.019502 -0.014343 0.999707 0.147450
0.992557 0.119825 0.021724 81.781809 -0.120114 0.992681 0.012521 5.288880 -0.020064 -0.015037 0.999686 0.144654
0.986666 0.161162 0.022744 82.188885 -0.161477 0.986794 0.012756 5.211096 -0.020388 -0.016259 0.999660 0.141867
0.978215 0.206272 0.023396 82.600199 -0.206598 0.978346 0.012474 5.111697 -0.020317 -0.017036 0.999648 0.136954
0.966722 0.254801 0.022914 83.043673 -0.255157 0.966795 0.014239 4.974491 -0.018525 -0.019612 0.999636 0.132555
0.951234 0.307689 0.021919 83.398420 -0.308036 0.951261 0.014676 4.853403 -0.016335 -0.020713 0.999652 0.142087
0.931622 0.362827 0.020900 83.829733 -0.363158 0.931606 0.015044 4.647793 -0.014013 -0.021605 0.999668 0.138391
0.907436 0.419686 0.020595 84.135168 -0.420012 0.907389 0.015302 4.491789 -0.012266 -0.022536 0.999671 0.140963
0.878604 0.477154 0.019470 84.470298 -0.477455 0.878515 0.015747 4.277681 -0.009591 -0.023131 0.999686 0.119337
0.845530 0.533633 0.017756 84.850909 -0.533874 0.845451 0.013809 4.008243 -0.007643 -0.021155 0.999747 0.144019
0.808746 0.587901 0.017376 85.102292 -0.588125 0.808659 0.013368 3.782641 -0.006192 -0.021031 0.999760 0.139363
0.769044 0.638922 0.018711 85.436290 -0.639159 0.768984 0.011805 3.470396 -0.006846 -0.021037 0.999755 0.151479
0.726240 0.687111 0.021298 85.638029 -0.687397 0.726196 0.011173 3.236434 -0.007790 -0.022754 0.999711 0.143661
0.681239 0.731728 0.022053 85.871361 -0.732017 0.681219 0.009574 2.943382 -0.008018 -0.022665 0.999711 0.139624
0.634609 0.772584 0.019653 86.147045 -0.772805 0.634598 0.007589 2.586471 -0.006609 -0.020004 0.999778 0.144231
0.588066 0.808648 0.016341 86.292895 -0.808793 0.588074 0.004814 2.298241 -0.005717 -0.016048 0.999855 0.172864
0.541016 0.840837 0.017179 86.513182 -0.841002 0.540998 0.006077 1.945063 -0.004184 -0.017735 0.999834 0.164225
0.493746 0.869380 0.019840 86.638534 -0.869603 0.493673 0.008760 1.637975 -0.002178 -0.021578 0.999765 0.153023
0.448209 0.893690 0.020661 86.794810 -0.893929 0.448088 0.010381 1.293997 0.000019 -0.023122 0.999733 0.157800
0.405405 0.914022 0.014530 86.956119 -0.914136 0.405324 0.008282 0.918056 0.001680 -0.016639 0.999860 0.148123
0.366134 0.930555 0.003611 87.019121 -0.930561 0.366137 -0.000318 0.586868 -0.001619 -0.003244 0.999993 0.183930
0.330454 0.943822 -0.000882 87.109741 -0.943813 0.330447 -0.004622 0.232671 -0.004071 0.002360 0.999989 0.186341
0.296604 0.954999 0.001734 87.233786 -0.954999 0.296606 -0.001141 -0.155362 -0.001604 -0.001317 0.999998 0.197385
0.265766 0.963984 0.010184 87.325880 -0.964030 0.265710 0.006606 -0.501929 0.003662 -0.011574 0.999926 0.178366
0.237236 0.971333 0.015235 87.417217 -0.971425 0.237083 0.011163 -0.878203 0.007231 -0.017448 0.999822 0.178175
0.211138 0.977354 0.014137 87.509182 -0.977414 0.210972 0.012357 -1.276719 0.009095 -0.016426 0.999824 0.196337
0.187839 0.982176 0.006858 87.560362 -0.982128 0.187736 0.013440 -1.675139 0.011913 -0.009260 0.999886 0.202381
0.167143 0.985932 -0.000801 87.623838 -0.985759 0.167128 0.018644 -2.078862 0.018516 -0.002326 0.999826 0.211172
0.147244 0.989097 -0.002619 87.671931 -0.988758 0.147262 0.025924 -2.515192 0.026027 -0.001228 0.999660 0.199324
0.129589 0.991568 0.000338 87.736301 -0.991216 0.129534 0.026686 -2.946210 0.026418 -0.003793 0.999644 0.208214
0.113973 0.993481 0.002295 87.777474 -0.993243 0.113894 0.022264 -3.395968 0.021857 -0.004817 0.999749 0.218782
0.099500 0.995034 0.002456 87.831109 -0.994865 0.099437 0.018865 -3.872919 0.018527 -0.004320 0.999819 0.238917
0.085994 0.996295 0.001210 87.864328 -0.996167 0.085963 0.016170 -4.353005 0.016006 -0.002596 0.999869 0.248870
0.074089 0.997247 -0.002987 87.880273 -0.997134 0.074126 0.015150 -4.861467 0.015330 0.001856 0.999881 0.261125
0.064055 0.997932 -0.005388 87.911453 -0.997820 0.064132 0.015553 -5.346960 0.015867 0.004380 0.999865 0.271821
0.056023 0.998407 -0.006671 87.937580 -0.998296 0.056124 0.015973 -5.894786 0.016322 0.005765 0.999850 0.283451
0.050254 0.998696 -0.009043 87.980546 -0.998601 0.050394 0.015992 -6.439118 0.016427 0.008227 0.999831 0.291131
0.044588 0.998959 -0.009641 88.000779 -0.998853 0.044748 0.017015 -6.989519 0.017429 0.008871 0.999809 0.302993
0.038275 0.999219 -0.009813 88.022557 -0.999101 0.038445 0.017856 -7.588162 0.018220 0.009121 0.999792 0.309960
0.034013 0.999342 -0.012585 88.035306 -0.999256 0.034233 0.017743 -8.185675 0.018162 0.011972 0.999763 0.321438
0.030819 0.999432 -0.013625 88.061335 -0.999362 0.031057 0.017641 -8.800318 0.018054 0.013073 0.999752 0.334411
0.027832 0.999513 -0.014106 88.077316 -0.999459 0.028072 0.017122 -9.453813 0.017509 0.013622 0.999754 0.351430
0.025403 0.999531 -0.017123 88.080287 -0.999533 0.025686 0.016531 -10.111818 0.016963 0.016695 0.999717 0.358063
0.024627 0.999467 -0.021426 88.096390 -0.999560 0.024973 0.016021 -10.794286 0.016547 0.021022 0.999642 0.375606
0.025344 0.999366 -0.025010 88.113565 -0.999546 0.025741 0.015658 -11.476734 0.016292 0.024602 0.999565 0.387454
0.027819 0.999253 -0.026842 88.126884 -0.999483 0.028238 0.015349 -12.171513 0.016096 0.026401 0.999522 0.399744
0.031443 0.999100 -0.028479 88.144431 -0.999375 0.031887 0.015283 -12.905781 0.016177 0.027981 0.999478 0.413922
0.035645 0.998898 -0.030544 88.180531 -0.999238 0.036110 0.014801 -13.660713 0.015887 0.029993 0.999424 0.429178
0.040232 0.998676 -0.032059 88.207060 -0.999086 0.040671 0.013169 -14.421182 0.014455 0.031500 0.999399 0.441580
0.044071 0.998494 -0.032674 88.253310 -0.998945 0.044468 0.011510 -15.198876 0.012945 0.032132 0.999400 0.457311
0.048168 0.998388 -0.030033 88.299354 -0.998780 0.048471 0.009446 -15.994939 0.010886 0.029541 0.999504 0.462914
0.052402 0.998227 -0.028226 88.342580 -0.998578 0.052657 0.008364 -16.786230 0.009836 0.027748 0.999567 0.470758
0.056533 0.998016 -0.027698 88.391015 -0.998343 0.056806 0.009147 -17.589433 0.010702 0.027135 0.999574 0.490110
0.059680 0.997908 -0.024870 88.452103 -0.998118 0.060007 0.012634 -18.409260 0.014100 0.024069 0.999611 0.510422
0.061026 0.997961 -0.018686 88.518513 -0.997951 0.061365 0.018127 -19.233446 0.019237 0.017542 0.999661 0.519576
0.061116 0.997994 -0.016517 88.576660 -0.997883 0.061461 0.021251 -20.042978 0.022223 0.015183 0.999638 0.546417
0.061476 0.998014 -0.013762 88.643398 -0.997874 0.061755 0.020825 -20.854504 0.021634 0.012453 0.999688 0.562172
0.061468 0.998032 -0.012376 88.695044 -0.997916 0.061695 0.018903 -21.690412 0.019629 0.011188 0.999745 0.589800
0.061558 0.998053 -0.010054 88.734302 -0.997941 0.061727 0.017412 -22.496357 0.017999 0.008962 0.999798 0.614032
0.061642 0.998065 -0.008142 88.796802 -0.997949 0.061772 0.016777 -23.330085 0.017247 0.007091 0.999826 0.636716
0.061990 0.998054 -0.006810 88.855311 -0.997924 0.062098 0.017048 -24.153156 0.017437 0.005739 0.999831 0.661271
0.062039 0.998060 -0.005279 88.920681 -0.997912 0.062123 0.017692 -24.973682 0.017985 0.004171 0.999830 0.682727
0.061116 0.998130 -0.001369 88.984577 -0.997952 0.061131 0.018817 -25.778899 0.018865 0.000216 0.999822 0.710647
0.058223 0.998303 0.000771 89.037316 -0.998138 0.058199 0.018279 -26.592102 0.018204 -0.001834 0.999833 0.730317
0.054473 0.998506 0.004294 89.093245 -0.998375 0.054393 0.016976 -27.419631 0.016717 -0.005211 0.999847 0.752580
0.049626 0.998752 0.005697 89.138610 -0.998667 0.049540 0.014460 -28.227322 0.014160 -0.006407 0.999879 0.775718
0.043283 0.999030 0.008116 89.182033 -0.998988 0.043179 0.012601 -29.051904 0.012239 -0.008653 0.999888 0.790115
0.035824 0.999316 0.009145 89.216326 -0.999283 0.035708 0.012627 -29.868990 0.012291 -0.009590 0.999878 0.815688
0.027233 0.999587 0.009120 89.243184 -0.999544 0.027111 0.013269 -30.671618 0.013016 -0.009477 0.999870 0.835515
0.017163 0.999820 0.008116 89.264137 -0.999763 0.017052 0.013549 -31.492074 0.013408 -0.008346 0.999875 0.859091
0.007042 0.999939 0.008457 89.269413 -0.999896 0.006934 0.012666 -32.278463 0.012607 -0.008545 0.999884 0.877334
-0.003906 0.999952 0.008951 89.283751 -0.999924 -0.004010 0.011647 -33.082223 0.011682 -0.008904 0.999892 0.892942
-0.015174 0.999848 0.008554 89.274467 -0.999828 -0.015264 0.010545 -33.873321 0.010674 -0.008392 0.999908 0.909955
-0.025805 0.999630 0.008564 89.261865 -0.999609 -0.025894 0.010505 -34.664968 0.010723 -0.008290 0.999908 0.930431
-0.036976 0.999275 0.009026 89.234492 -0.999256 -0.037072 0.010638 -35.453605 0.010965 -0.008626 0.999903 0.951457
-0.047331 0.998831 0.009796 89.185054 -0.998808 -0.047443 0.011510 -36.211635 0.011961 -0.009240 0.999886 0.970989
-0.057746 0.998289 0.009164 89.151828 -0.998248 -0.057857 0.012394 -36.989164 0.012903 -0.008433 0.999881 0.990271
-0.067552 0.997673 0.009199 89.112494 -0.997625 -0.067667 0.012866 -37.750749 0.013458 -0.008308 0.999875 1.001699
-0.077023 0.996999 0.007824 89.050177 -0.996933 -0.077122 0.013271 -38.499762 0.013835 -0.006778 0.999881 1.028680
-0.086145 0.996253 0.007648 88.962224 -0.996186 -0.086241 0.013284 -39.231490 0.013893 -0.006474 0.999883 1.045370
-0.095091 0.995438 0.007782 88.900524 -0.995379 -0.095184 0.012683 -39.982985 0.013366 -0.006540 0.999889 1.065438
-0.102685 0.994699 0.005486 88.838288 -0.994640 -0.102743 0.011644 -40.725992 0.012146 -0.004261 0.999917 1.082105
-0.108224 0.994121 0.003464 88.762903 -0.994075 -0.108253 0.009816 -41.437603 0.010133 -0.002381 0.999946 1.104700
-0.111698 0.993742 0.000065 88.677973 -0.993709 -0.111695 0.008130 -42.151688 0.008087 0.000844 0.999967 1.122532
-0.114710 0.993397 -0.001880 88.587317 -0.993378 -0.114695 0.006737 -42.853047 0.006477 0.002641 0.999976 1.137956
-0.116485 0.993184 -0.004192 88.517051 -0.993177 -0.116459 0.006040 -43.537916 0.005511 0.004867 0.999973 1.153847
-0.117554 0.993058 -0.004230 88.446942 -0.993051 -0.117527 0.006145 -44.212277 0.005605 0.004923 0.999972 1.163919
-0.116723 0.993152 -0.005070 88.370657 -0.993144 -0.116686 0.007000 -44.870679 0.006360 0.005852 0.999963 1.181575
-0.113769 0.993494 -0.005080 88.276924 -0.993477 -0.113724 0.008363 -45.522299 0.007731 0.005998 0.999952 1.202556
-0.108571 0.994070 -0.006098 88.216474 -0.994052 -0.108512 0.009262 -46.139833 0.008545 0.007068 0.999939 1.212651
-0.100886 0.994886 -0.004965 88.163039 -0.994854 -0.100834 0.009868 -46.741760 0.009317 0.005935 0.999939 1.222424
-0.089728 0.995958 -0.004078 88.118889 -0.995922 -0.089684 0.009837 -47.324564 0.009432 0.004944 0.999943 1.239016
-0.075992 0.997100 -0.004219 88.081142 -0.997060 -0.075946 0.010184 -47.893726 0.009834 0.004980 0.999939 1.254597
-0.059155 0.998244 -0.003121 88.062549 -0.998183 -0.059115 0.011677 -48.431270 0.011472 0.003806 0.999927 1.263391
-0.037836 0.999282 -0.002161 88.046861 -0.999184 -0.037801 0.014234 -48.972516 0.014142 0.002698 0.999896 1.281078
-0.012853 0.999917 -0.000258 88.047028 -0.999766 -0.012847 0.017376 -49.512773 0.017371 0.000481 0.999849 1.294946
0.015247 0.999883 0.001239 88.068535 -0.999702 0.015221 0.019075 -50.023587 0.019054 -0.001530 0.999817 1.308737
0.048132 0.998839 0.001799 88.120020 -0.998657 0.048088 0.019286 -50.558289 0.019178 -0.002725 0.999812 1.325437
0.085758 0.996314 0.001705 88.172134 -0.996170 0.085716 0.017288 -51.077361 0.017078 -0.003181 0.999849 1.339411
0.128024 0.991770 0.001769 88.258329 -0.991676 0.127987 0.014041 -51.569458 0.013699 -0.003552 0.999900 1.352853
0.172524 0.984994 0.004755 88.371615 -0.984964 0.172471 0.009942 -52.076477 0.008973 -0.006399 0.999939 1.360130
0.220643 0.975319 0.008404 88.515615 -0.975341 0.220585 0.007238 -52.568064 0.005205 -0.009793 0.999938 1.374839
0.271786 0.962282 0.012049 88.652793 -0.962356 0.271737 0.005547 -53.033662 0.002064 -0.013103 0.999912 1.390734
0.325524 0.945452 0.012473 88.865419 -0.945533 0.325478 0.005622 -53.514280 0.001255 -0.013624 0.999906 1.387439
0.383138 0.923647 0.009055 89.059785 -0.923688 0.383092 0.006442 -53.950511 0.002481 -0.010832 0.999938 1.410425
0.442572 0.896719 0.005041 89.267299 -0.896711 0.442515 0.009490 -54.342199 0.006279 -0.008720 0.999942 1.419551
0.501547 0.865130 -0.000648 89.558541 -0.865045 0.501508 0.013679 -54.753954 0.012159 -0.006300 0.999906 1.425871
0.559762 0.828653 -0.001203 89.813668 -0.828509 0.559691 0.017829 -55.114032 0.015448 -0.008983 0.999840 1.425049
0.615377 0.788231 -0.001796 90.165011 -0.788033 0.615271 0.021113 -55.482760 0.017747 -0.011577 0.999775 1.425636
0.668303 0.743880 -0.003698 90.489996 -0.743643 0.668201 0.022395 -55.814326 0.019130 -0.012216 0.999742 1.434333
0.717584 0.696452 -0.005244 90.803699 -0.696230 0.717513 0.020926 -56.088444 0.018337 -0.011366 0.999767 1.438640
0.762994 0.646402 -0.002234 91.205445 -0.646277 0.762907 0.017282 -56.387745 0.012875 -0.011742 0.999848 1.467118
0.804845 0.593482 0.001765 91.594082 -0.593454 0.804770 0.012580 -56.658008 0.006045 -0.011173 0.999919 1.470393
0.842114 0.539255 0.006993 91.966801 -0.539300 0.842057 0.009816 -56.865758 -0.000595 -0.012037 0.999927 1.477699
0.873807 0.486124 0.012030 92.425357 -0.486223 0.873803 0.007363 -57.083474 -0.006933 -0.012283 0.999901 1.472591
0.900064 0.435413 0.017315 92.854133 -0.435576 0.900125 0.006913 -57.256104 -0.012575 -0.013764 0.999826 1.482777
0.920881 0.389262 0.021268 93.265238 -0.389506 0.920983 0.008680 -57.416728 -0.016209 -0.016277 0.999736 1.489900
0.936772 0.349074 0.024620 93.754854 -0.349466 0.936847 0.013838 -57.568374 -0.018234 -0.021567 0.999601 1.478488
0.949219 0.313633 0.024864 94.196296 -0.314123 0.949192 0.019028 -57.699284 -0.017633 -0.025872 0.999510 1.480055
0.965284 0.260263 0.022142 95.154031 -0.260640 0.965299 0.016258 -57.948704 -0.017142 -0.021465 0.999623 1.471314
0.969374 0.244632 0.021648 95.629654 -0.244948 0.969445 0.013333 -58.075788 -0.017724 -0.018228 0.999677 1.466332
0.972524 0.231780 0.021791 96.138108 -0.232168 0.972521 0.017372 -58.169391 -0.017166 -0.021953 0.999612 1.458130
0.974761 0.222110 0.022539 96.640084 -0.222598 0.974660 0.022076 -58.272491 -0.017065 -0.026536 0.999502 1.438742
0.976189 0.215738 0.022616 97.159445 -0.216332 0.975908 0.028337 -58.362703 -0.015957 -0.032555 0.999343 1.437431
0.976849 0.212940 0.020573 97.672512 -0.213567 0.976276 0.035688 -58.468226 -0.012485 -0.039255 0.999151 1.424890
0.977161 0.211723 0.018160 98.207063 -0.212268 0.976517 0.036827 -58.578176 -0.009936 -0.039841 0.999157 1.429518
0.976610 0.214542 0.014288 98.762004 -0.214923 0.975991 0.035336 -58.694762 -0.006364 -0.037580 0.999273 1.427811
0.975731 0.218820 0.008166 99.317473 -0.218972 0.975104 0.034975 -58.818995 -0.000310 -0.035915 0.999355 1.427137
0.974792 0.223079 0.004005 99.870245 -0.223074 0.974113 0.036635 -58.946547 0.004271 -0.036605 0.999321 1.423723
0.973813 0.227290 0.005251 100.451427 -0.227313 0.972974 0.040623 -59.075922 0.004124 -0.040753 0.999161 1.423914
0.972518 0.232629 0.009632 101.041366 -0.232827 0.971605 0.042133 -59.214917 0.000443 -0.043218 0.999066 1.419398
0.971370 0.237149 0.014160 101.646681 -0.237533 0.970554 0.040029 -59.358951 -0.004251 -0.042246 0.999098 1.429340
0.970293 0.241181 0.019056 102.262206 -0.241723 0.969721 0.034816 -59.513065 -0.010082 -0.038388 0.999212 1.426402
0.969347 0.244579 0.023388 102.892576 -0.245255 0.968911 0.032588 -59.674138 -0.014690 -0.037325 0.999195 1.427053
0.968534 0.247786 0.023320 103.526706 -0.248397 0.968238 0.028530 -59.845572 -0.015510 -0.033425 0.999321 1.422401
0.968404 0.248620 0.019520 104.155032 -0.249058 0.968175 0.024637 -59.999513 -0.012773 -0.028720 0.999506 1.412157
0.968591 0.248346 0.012496 104.811613 -0.248583 0.968320 0.023714 -60.179965 -0.006211 -0.026075 0.999641 1.419603
0.968843 0.247569 0.007199 105.476371 -0.247673 0.968346 0.031059 -60.345402 0.000718 -0.031875 0.999492 1.406199
0.969511 0.245015 0.003912 106.138936 -0.245007 0.968944 0.033441 -60.507116 0.004403 -0.033380 0.999433 1.417508
0.970062 0.242739 0.007620 106.858651 -0.242858 0.969534 0.031999 -60.675276 0.000380 -0.032892 0.999459 1.408545
0.970329 0.241406 0.013593 107.548629 -0.241682 0.970037 0.024878 -60.851422 -0.007180 -0.027425 0.999598 1.417705
0.970903 0.238698 0.019223 108.294102 -0.239117 0.970704 0.023608 -61.021303 -0.013025 -0.027517 0.999536 1.404735
0.971261 0.237202 0.019695 109.012574 -0.237673 0.970980 0.026642 -61.186378 -0.012804 -0.030557 0.999451 1.411614
0.971864 0.234943 0.016769 109.745103 -0.235389 0.971330 0.033329 -61.351444 -0.008458 -0.036338 0.999304 1.404027
0.972851 0.231139 0.011627 110.483780 -0.231411 0.972205 0.035592 -61.518919 -0.003077 -0.037316 0.999299 1.408842
0.973820 0.227170 0.008329 111.232188 -0.227322 0.973172 0.035505 -61.702398 -0.000040 -0.036469 0.999335 1.399652
0.974638 0.223590 0.009367 112.011470 -0.223781 0.974047 0.033979 -61.872097 -0.001526 -0.035214 0.999379 1.403750
0.975865 0.218001 0.012783 113.591908 -0.218284 0.975476 0.028270 -62.224808 -0.006307 -0.030378 0.999519 1.406499
0.976083 0.216903 0.014666 114.383389 -0.217216 0.975807 0.024863 -62.409726 -0.008919 -0.027454 0.999583 1.402942
0.976152 0.216543 0.015347 115.199387 -0.216836 0.975981 0.021047 -62.592120 -0.010421 -0.023873 0.999661 1.406035
0.976241 0.216068 0.016377 115.991266 -0.216374 0.976105 0.020049 -62.762526 -0.011653 -0.023116 0.999665 1.393633
0.976212 0.216246 0.015761 116.818519 -0.216578 0.975974 0.023836 -62.941426 -0.010228 -0.026683 0.999592 1.392310
0.976073 0.216993 0.013962 117.644079 -0.217327 0.975631 0.030216 -63.096468 -0.007065 -0.032528 0.999446 1.389640
0.975928 0.217640 0.014049 118.478890 -0.218022 0.975224 0.037473 -63.266609 -0.005545 -0.039634 0.999199 1.385967
0.975299 0.220304 0.016067 119.315812 -0.220802 0.974375 0.042891 -63.434539 -0.006207 -0.045380 0.998951 1.392449
0.974609 0.223154 0.018415 120.160291 -0.223773 0.973608 0.044863 -63.606466 -0.007918 -0.047845 0.998823 1.381030
0.973989 0.225878 0.018008 120.988193 -0.226484 0.972924 0.046088 -63.781263 -0.007111 -0.048968 0.998775 1.381067
0.973653 0.227479 0.015899 121.829338 -0.227973 0.972639 0.044749 -63.978572 -0.005284 -0.047195 0.998872 1.387522
0.973207 0.229456 0.014774 122.667483 -0.229860 0.972490 0.037773 -64.196704 -0.005700 -0.040157 0.999177 1.395555
0.973181 0.229675 0.012968 123.502128 -0.229984 0.972643 0.032746 -64.395116 -0.005092 -0.034850 0.999380 1.396027
0.972885 0.230950 0.012494 124.351469 -0.231229 0.972437 0.029987 -64.584791 -0.005224 -0.032063 0.999472 1.414243
0.972571 0.232078 0.015668 125.183078 -0.232477 0.972069 0.032189 -64.793657 -0.007760 -0.034948 0.999359 1.405092
0.972115 0.233466 0.022062 126.019694 -0.234124 0.971594 0.034497 -64.987460 -0.013381 -0.038701 0.999161 1.397055
0.971745 0.234559 0.026337 126.878263 -0.235420 0.971206 0.036548 -65.170861 -0.017006 -0.041716 0.998985 1.375015
0.971557 0.235863 0.021101 127.686814 -0.236513 0.970921 0.037064 -65.369474 -0.011745 -0.041001 0.999090 1.387158
0.971695 0.236158 0.006162 128.494914 -0.236228 0.971091 0.034323 -65.567065 0.002122 -0.034807 0.999392 1.396064
0.971828 0.235679 -0.002533 129.299342 -0.235493 0.971390 0.030723 -65.766663 0.009701 -0.029261 0.999525 1.432251
0.971992 0.234969 0.004657 130.140178 -0.235003 0.971549 0.029428 -65.965449 0.002390 -0.029698 0.999556 1.421144
0.972028 0.233748 0.022873 130.997384 -0.234255 0.971908 0.022772 -66.165346 -0.016907 -0.027493 0.999479 1.404719
0.972036 0.232260 0.034665 131.810528 -0.232885 0.972386 0.015183 -66.373746 -0.030182 -0.022831 0.999284 1.376146
0.972356 0.231162 0.032971 132.632315 -0.231890 0.972532 0.020233 -66.552021 -0.027389 -0.027319 0.999251 1.394004
0.972999 0.229848 0.021039 133.427221 -0.230427 0.972586 0.031300 -66.720097 -0.013268 -0.035303 0.999289 1.413344
0.973317 0.229128 0.012458 134.230090 -0.229423 0.972746 0.033605 -66.913553 -0.004419 -0.035566 0.999358 1.386762
0.973860 0.226892 0.010845 135.036969 -0.227119 0.973411 0.029813 -67.101305 -0.003792 -0.031497 0.999497 1.391529
0.975271 0.220761 0.010503 136.647182 -0.220969 0.974914 0.026748 -67.462765 -0.004335 -0.028408 0.999587 1.406206
0.976370 0.215897 0.009463 137.455299 -0.216081 0.975972 0.028060 -67.632673 -0.003178 -0.029441 0.999561 1.405480
0.977049 0.212785 0.009915 138.257027 -0.212997 0.976526 0.032081 -67.789548 -0.002856 -0.033457 0.999436 1.419772
0.977514 0.210591 0.010855 139.071383 -0.210854 0.976783 0.037896 -67.948157 -0.002622 -0.039333 0.999223 1.416547
0.977805 0.209079 0.013527 139.890905 -0.209456 0.977032 0.039190 -68.116010 -0.005023 -0.041154 0.999140 1.422386
0.978079 0.207520 0.017244 140.678847 -0.208053 0.977332 0.039192 -68.289885 -0.008720 -0.041921 0.999083 1.414905
0.978374 0.206078 0.017770 141.478780 -0.206624 0.977675 0.038193 -68.453625 -0.009502 -0.041039 0.999112 1.423683
0.978935 0.203658 0.014476 142.263897 -0.204050 0.978338 0.034913 -68.612749 -0.007052 -0.037132 0.999285 1.429424
0.979863 0.199442 0.009579 143.048012 -0.199644 0.979396 0.030409 -68.780958 -0.003317 -0.031709 0.999492 1.434765
0.981153 0.193062 0.008137 143.832602 -0.193220 0.980719 0.029272 -68.932581 -0.002329 -0.030293 0.999538 1.440323
0.982374 0.186513 0.012453 144.626856 -0.186787 0.982041 0.026584 -69.073671 -0.007271 -0.028441 0.999569 1.437113
0.983344 0.180638 0.020086 145.419294 -0.181078 0.983204 0.022814 -69.218381 -0.015628 -0.026071 0.999538 1.437350
0.983947 0.176046 0.029251 146.237278 -0.176745 0.983981 0.023297 -69.371092 -0.024681 -0.028093 0.999301 1.437264
0.984561 0.171999 0.032502 147.014514 -0.172794 0.984679 0.023461 -69.491615 -0.027969 -0.028715 0.999196 1.420715
0.985448 0.167524 0.028768 147.825251 -0.168326 0.985328 0.028180 -69.615402 -0.023625 -0.032613 0.999189 1.406479
0.986792 0.160848 0.019195 148.609507 -0.161376 0.986431 0.030177 -69.735263 -0.014081 -0.032876 0.999360 1.410571
0.987936 0.154357 0.012479 149.387470 -0.154667 0.987522 0.029650 -69.859415 -0.007747 -0.031222 0.999482 1.395535
0.988940 0.147694 0.013545 150.218051 -0.148032 0.988564 0.028778 -69.981157 -0.009140 -0.030465 0.999494 1.397423
0.990007 0.139947 0.017378 151.031241 -0.140460 0.989534 0.033066 -70.088576 -0.012569 -0.035176 0.999302 1.387795
0.991087 0.132203 0.016417 151.846223 -0.132750 0.990399 0.038562 -70.177037 -0.011162 -0.040398 0.999121 1.383332
0.992414 0.122431 0.011169 152.659640 -0.122797 0.991540 0.042061 -70.254521 -0.005925 -0.043114 0.999053 1.381379
0.993488 0.113646 0.008131 153.469095 -0.113885 0.992654 0.040852 -70.346936 -0.003428 -0.041512 0.999132 1.389784
0.994339 0.105731 0.010576 154.298604 -0.106083 0.993485 0.041632 -70.433639 -0.006106 -0.042519 0.999077 1.394457
0.995054 0.097766 0.017606 155.112915 -0.098442 0.994220 0.042838 -70.509838 -0.013317 -0.044359 0.998927 1.381655
0.995722 0.089427 0.023241 155.950320 -0.090408 0.994874 0.045302 -70.563868 -0.019071 -0.047210 0.998703 1.383232
0.996354 0.081258 0.026000 156.781567 -0.082373 0.995577 0.045167 -70.637353 -0.022215 -0.047144 0.998641 1.375236
0.996794 0.074938 0.028031 157.611915 -0.076150 0.996081 0.044992 -70.680477 -0.024550 -0.046983 0.998594 1.366005
0.997132 0.070836 0.026637 158.426078 -0.071984 0.996392 0.044964 -70.744303 -0.023356 -0.046752 0.998633 1.358364
0.997579 0.066314 0.020932 159.262563 -0.067276 0.996523 0.049154 -70.778653 -0.017599 -0.050444 0.998572 1.348605
0.997924 0.062640 0.014951 160.069840 -0.063376 0.996457 0.055286 -70.819329 -0.011434 -0.056119 0.998359 1.336639
0.998125 0.059974 0.012220 160.892260 -0.060579 0.996519 0.057265 -70.852833 -0.008743 -0.057898 0.998284 1.332209
0.998231 0.056657 0.018000 161.734831 -0.057618 0.996633 0.058331 -70.883564 -0.014634 -0.059265 0.998135 1.331935
0.998171 0.053712 0.027734 162.558885 -0.055285 0.996697 0.059478 -70.926026 -0.024447 -0.060903 0.997844 1.303895
0.998100 0.050216 0.035697 163.409270 -0.052325 0.996775 0.060842 -70.965480 -0.032527 -0.062594 0.997509 1.304544
0.998450 0.045338 0.032279 164.191248 -0.047118 0.997279 0.056696 -70.996918 -0.029620 -0.058129 0.997870 1.280270
0.998907 0.040791 0.022833 165.022362 -0.041851 0.997966 0.048090 -71.035853 -0.020825 -0.048993 0.998582 1.295894
0.999271 0.034122 0.017103 165.842432 -0.034913 0.998223 0.048300 -71.061591 -0.015424 -0.048862 0.998686 1.273627
0.999463 0.027335 0.018083 166.649129 -0.028244 0.998242 0.052108 -71.085687 -0.016627 -0.052591 0.998478 1.258559
0.999524 0.019273 0.024085 167.481828 -0.020392 0.998682 0.047107 -71.097481 -0.023146 -0.047576 0.998599 1.249534
0.999547 0.011948 0.027641 168.305340 -0.013060 0.999097 0.040438 -71.105855 -0.027133 -0.040781 0.998800 1.250379
0.999504 0.006186 0.030884 169.124288 -0.007302 0.999320 0.036133 -71.126107 -0.030639 -0.036340 0.998870 1.218918
0.999670 -0.006128 0.024939 170.825880 0.005508 0.999676 0.024833 -71.116668 -0.025083 -0.024687 0.999381 1.204670
0.999808 -0.012925 0.014737 171.640498 0.012678 0.999779 0.016783 -71.112879 -0.014951 -0.016593 0.999751 1.175356
0.999751 -0.019887 0.010107 172.482743 0.019737 0.999697 0.014714 -71.130919 -0.010396 -0.014511 0.999841 1.171998
0.999492 -0.026408 0.017863 173.352760 0.026121 0.999528 0.016142 -71.092690 -0.018281 -0.015667 0.999710 1.173092
0.999036 -0.031720 0.030332 174.192486 0.031068 0.999281 0.021712 -71.058596 -0.030999 -0.020749 0.999304 1.139749
0.998617 -0.036558 0.037786 175.050098 0.035560 0.999009 0.026769 -71.005931 -0.038727 -0.025388 0.998927 1.132100
0.998559 -0.040294 0.035451 175.889108 0.039413 0.998905 0.025197 -70.960149 -0.036427 -0.023764 0.999054 1.114819
0.998781 -0.042250 0.025509 176.755938 0.041609 0.998817 0.025156 -70.917170 -0.026542 -0.024064 0.999358 1.106995
0.998874 -0.044956 0.015137 177.548776 0.044370 0.998328 0.037040 -70.846700 -0.016777 -0.036327 0.999199 1.083240
0.998823 -0.047105 0.011582 178.438115 0.046641 0.998205 0.037557 -70.798318 -0.013330 -0.036972 0.999227 1.070417
0.998646 -0.049290 0.016626 179.268298 0.048768 0.998346 0.030462 -70.771134 -0.018100 -0.029610 0.999398 1.071071
0.998452 -0.049537 0.025274 180.131417 0.048828 0.998417 0.027909 -70.720927 -0.026616 -0.026632 0.999291 1.046937
0.998284 -0.049633 0.031061 180.982301 0.048650 0.998315 0.031627 -70.688275 -0.032578 -0.030061 0.999017 1.027753
0.998218 -0.051321 0.030461 181.823862 0.050369 0.998242 0.031226 -70.625801 -0.032010 -0.029636 0.999048 1.017834
0.998325 -0.053479 0.022084 182.678339 0.052818 0.998168 0.029506 -70.576250 -0.023621 -0.028290 0.999321 1.005500
0.998433 -0.054894 0.010826 183.522381 0.054631 0.998235 0.023270 -70.551409 -0.012084 -0.022642 0.999671 0.995178
0.998364 -0.056774 0.006808 184.359364 0.056662 0.998271 0.015618 -70.506841 -0.007683 -0.015207 0.999855 0.994594
0.998274 -0.057647 0.011200 185.231860 0.057460 0.998214 0.016316 -70.443181 -0.012120 -0.015645 0.999804 0.985965
0.997836 -0.060564 0.025599 186.941886 0.060129 0.998038 0.017446 -70.344635 -0.026606 -0.015869 0.999520 0.969656
0.997859 -0.061550 0.022117 187.777095 0.061108 0.997929 0.020104 -70.285748 -0.023308 -0.018709 0.999553 0.967823
0.997992 -0.061268 0.016058 188.618771 0.060944 0.997943 0.019911 -70.224599 -0.017245 -0.018893 0.999673 0.957863
0.997983 -0.061630 0.015226 189.473383 0.061247 0.997823 0.024465 -70.143028 -0.016701 -0.023483 0.999585 0.939997
0.997894 -0.062333 0.017929 190.289676 0.061818 0.997695 0.027994 -70.092678 -0.019632 -0.026827 0.999447 0.935512
0.997798 -0.062946 0.020915 191.148687 0.062243 0.997524 0.032739 -70.011955 -0.022924 -0.031365 0.999245 0.926769
0.997702 -0.063521 0.023563 191.986994 0.062669 0.997411 0.035269 -69.971161 -0.025743 -0.033711 0.999100 0.920563
0.997691 -0.063803 0.023288 192.797304 0.062912 0.997327 0.037154 -69.899754 -0.025596 -0.035604 0.999038 0.901605
0.997708 -0.064569 0.020219 193.634971 0.063808 0.997304 0.036247 -69.854070 -0.022505 -0.034873 0.999138 0.908421
0.997760 -0.065253 0.014720 194.405744 0.064645 0.997162 0.038586 -69.787248 -0.017196 -0.037548 0.999147 0.894052
0.997671 -0.066561 0.014930 195.247166 0.065890 0.996958 0.041624 -69.725538 -0.017655 -0.040543 0.999022 0.893032
0.997324 -0.069115 0.023834 196.083002 0.068046 0.996752 0.043073 -69.666163 -0.026733 -0.041336 0.998788 0.868126
0.996951 -0.070817 0.032754 196.847917 0.069372 0.996649 0.043350 -69.616909 -0.035715 -0.040945 0.998523 0.852769
0.996835 -0.071232 0.035297 197.643223 0.070067 0.996989 0.033226 -69.581479 -0.037557 -0.030648 0.998824 0.839048
0.996968 -0.072018 0.029475 198.390858 0.071103 0.996987 0.030990 -69.505743 -0.031618 -0.028800 0.999085 0.844096
0.997163 -0.071377 0.023902 199.128375 0.070587 0.996979 0.032407 -69.460870 -0.026143 -0.030628 0.999189 0.821518
0.997328 -0.070605 0.018775 199.845184 0.069946 0.996981 0.033701 -69.406546 -0.021097 -0.032298 0.999256 0.821037
0.997445 -0.069865 0.014914 200.528822 0.069436 0.997206 0.027545 -69.349616 -0.016797 -0.026439 0.999509 0.803329
0.997689 -0.067014 0.011214 201.217345 0.066707 0.997439 0.025818 -69.283516 -0.012915 -0.025011 0.999604 0.814357
0.997989 -0.062492 0.010579 201.887752 0.062218 0.997761 0.024536 -69.245587 -0.012089 -0.023828 0.999643 0.823123
0.998240 -0.057266 0.015421 202.565216 0.056857 0.998050 0.025754 -69.202714 -0.016866 -0.024832 0.999549 0.827346
0.998399 -0.050893 0.024675 203.229117 0.050158 0.998305 0.029530 -69.155322 -0.026136 -0.028245 0.999259 0.825135
0.998561 -0.045338 0.028646 203.894394 0.044299 0.998372 0.035939 -69.113932 -0.030229 -0.034618 0.998943 0.805769
0.998876 -0.039144 0.026714 204.528355 0.038154 0.998600 0.036636 -69.079948 -0.028111 -0.035575 0.998972 0.779839
