1.000000 0.000000 0.000000 0.000000 0.000000 1.000000 0.000000 0.000000 0.000000 0.000000 1.000000 0.000000
0.999994 -0.003201 -0.001136 0.724714 0.003203 0.999994 0.001377 -0.019925 0.001131 -0.001381 0.999998 0.029188
0.999972 -0.007416 -0.001319 1.457950 0.007418 0.999971 0.001455 -0.004638 0.001308 -0.001465 0.999998 0.011469
0.999926 -0.011966 -0.002227 2.183979 0.011973 0.999924 0.003094 0.005648 0.002190 -0.003121 0.999993 0.020683
0.999853 -0.016994 -0.002130 2.926796 0.016999 0.999853 0.002060 0.033667 0.002094 -0.002096 0.999996 0.020662
0.999773 -0.021067 -0.003058 3.683429 0.021076 0.999774 0.002863 0.055773 0.002997 -0.002926 0.999991 0.030184
0.999653 -0.026043 -0.003881 4.457073 0.026067 0.999641 0.006182 0.087714 0.003719 -0.006281 0.999973 0.042106
0.999530 -0.030490 -0.003176 5.252364 0.030514 0.999506 0.007576 0.108608 0.002944 -0.007670 0.999966 0.039467
0.999390 -0.034924 -0.000649 6.059268 0.034928 0.999357 0.008060 0.150952 0.000367 -0.008077 0.999967 0.048089
0.999254 -0.038574 0.001684 6.865217 0.038562 0.999233 0.006830 0.175946 -0.001947 -0.006760 0.999975 0.047006
0.999162 -0.040894 0.001765 7.677821 0.040881 0.999140 0.006958 0.220651 -0.002049 -0.006880 0.999974 0.053874
0.999072 -0.043045 0.001386 8.517959 0.043035 0.999054 0.006172 0.253440 -0.001650 -0.006106 0.999980 0.051220
0.998973 -0.045298 0.001240 9.339779 0.045291 0.998961 0.005013 0.289614 -0.001466 -0.004951 0.999987 0.063612
0.998884 -0.047191 0.001898 10.184502 0.047181 0.998874 0.005063 0.333995 -0.002135 -0.004968 0.999985 0.062115
0.998816 -0.048594 0.002112 11.055550 0.048593 0.998818 0.000794 0.373993 -0.002148 -0.000690 0.999997 0.065419
0.998732 -0.050339 -0.000051 11.912790 0.050338 0.998727 0.003158 0.440182 -0.000108 -0.003157 0.999995 0.070854
0.998635 -0.052167 -0.002432 12.793370 0.052180 0.998622 0.005583 0.479833 0.002137 -0.005703 0.999981 0.075728
0.998559 -0.053489 -0.004274 13.665090 0.053524 0.998528 0.008765 0.545836 0.003799 -0.008981 0.999952 0.084857
0.998481 -0.054929 -0.004197 14.558251 0.054969 0.998439 0.009942 0.594909 0.003644 -0.010158 0.999942 0.087785
0.998415 -0.056208 -0.002821 15.453456 0.056233 0.998370 0.009747 0.642006 0.002268 -0.009890 0.999949 0.100504
0.998360 -0.057238 -0.001250 16.346121 0.057247 0.998327 0.008109 0.715183 0.000784 -0.008167 0.999966 0.104523
0.998276 -0.058684 -0.000782 17.264699 0.058689 0.998238 0.008758 0.760053 0.000266 -0.008788 0.999961 0.117200
0.998196 -0.060018 -0.001585 18.174762 0.060028 0.998165 0.007900 0.812951 0.001108 -0.007981 0.999968 0.116576
0.998131 -0.061087 -0.001858 19.089820 0.061100 0.998095 0.008524 0.864442 0.001334 -0.008621 0.999962 0.126863
0.998100 -0.061613 -0.000346 20.024379 0.061614 0.998066 0.008265 0.932759 -0.000164 -0.008270 0.999966 0.132263
0.998094 -0.061629 0.003103 20.941914 0.061603 0.998070 0.007844 0.985873 -0.003581 -0.007638 0.999964 0.133362
0.998121 -0.060852 0.007127 21.878319 0.060793 0.998116 0.008235 1.057950 -0.007614 -0.007786 0.999941 0.135351
0.998185 -0.059349 0.010215 22.819795 0.059264 0.998207 0.008392 1.100471 -0.010695 -0.007771 0.999913 0.131885
0.998279 -0.057589 0.011038 23.764281 0.057529 0.998328 0.005646 1.168925 -0.011345 -0.005001 0.999923 0.127636
0.998363 -0.056561 0.008463 24.702349 0.056501 0.998377 0.007156 1.235084 -0.008854 -0.006667 0.999939 0.130913
0.998466 -0.055237 0.003838 25.680329 0.055192 0.998417 0.010856 1.298833 -0.004432 -0.010628 0.999934 0.140178
0.998552 -0.053787 0.000935 26.626725 0.053774 0.998496 0.010721 1.361978 -0.001511 -0.010655 0.999942 0.140651
0.998589 -0.053062 0.002242 27.601056 0.053038 0.998547 0.009545 1.397925 -0.002746 -0.009413 0.999952 0.142100
0.998576 -0.052849 0.007243 28.576618 0.052820 0.998596 0.004113 1.455129 -0.007450 -0.003725 0.999965 0.138902
0.998473 -0.054085 0.011204 29.553291 0.054095 0.998536 -0.000595 1.513923 -0.011156 0.001200 0.999937 0.134773
0.998432 -0.054817 0.011327 30.537394 0.054924 0.998447 -0.009375 1.558367 -0.010796 0.009982 0.999892 0.135959
0.998388 -0.056252 0.007509 31.528661 0.056316 0.998376 -0.008648 1.600957 -0.007010 0.009057 0.999934 0.138801
0.998303 -0.058092 0.003971 32.501275 0.058120 0.998282 -0.007468 1.651151 -0.003531 0.007686 0.999964 0.149213
0.998192 -0.060036 0.002782 33.490318 0.060050 0.998182 -0.005138 1.733453 -0.002469 0.005295 0.999983 0.141433
0.998148 -0.060653 0.004770 34.527658 0.060692 0.998119 -0.008629 1.802721 -0.004238 0.008903 0.999951 0.151292
0.998041 -0.062119 0.007446 35.507114 0.062177 0.998034 -0.007895 1.865473 -0.006941 0.008342 0.999941 0.138502
0.997964 -0.063186 0.008691 36.513353 0.063216 0.997994 -0.003274 1.933604 -0.008466 0.003817 0.999957 0.152084
0.997882 -0.064091 0.011144 37.510427 0.064139 0.997933 -0.004022 2.007066 -0.010863 0.004729 0.999930 0.145351
0.997831 -0.064198 0.014565 38.525934 0.064254 0.997928 -0.003369 2.057386 -0.014318 0.004297 0.999888 0.155551
0.997782 -0.064465 0.016583 39.520950 0.064501 0.997916 -0.001687 2.147420 -0.016439 0.002753 0.999861 0.133169
0.997781 -0.064540 0.016361 40.528438 0.064535 0.997915 0.000821 2.226119 -0.016380 0.000237 0.999866 0.135013
0.997783 -0.064845 0.014954 41.519842 0.064836 0.997895 0.001071 2.281708 -0.014992 -0.000100 0.999888 0.132529
0.997849 -0.064392 0.012270 42.520657 0.064336 0.997916 0.004887 2.342462 -0.012559 -0.004087 0.999913 0.134451
0.997774 -0.065522 0.012379 43.508756 0.065461 0.997841 0.005251 2.429557 -0.012696 -0.004429 0.999910 0.130257
0.997675 -0.066671 0.014155 44.480788 0.066640 0.997774 0.002614 2.502821 -0.014298 -0.001664 0.999896 0.124683
0.997593 -0.067716 0.014926 45.498633 0.067701 0.997705 0.001490 2.559820 -0.014993 -0.000476 0.999887 0.115161
0.997607 -0.067962 0.012682 46.467971 0.067939 0.997687 0.002249 2.641350 -0.012806 -0.001382 0.999917 0.124827
0.997623 -0.068525 0.007321 47.464307 0.068464 0.997619 0.008289 2.709160 -0.007872 -0.007768 0.999939 0.122740
0.997607 -0.068847 0.006336 48.416725 0.068796 0.997598 0.008083 2.794001 -0.006877 -0.007627 0.999947 0.133715
0.997541 -0.069427 0.009602 49.401626 0.069365 0.997569 0.006651 2.859814 -0.010041 -0.005969 0.999932 0.120967
0.997494 -0.069371 0.013879 50.385158 0.069344 0.997590 0.002469 2.925585 -0.014017 -0.001500 0.999901 0.125396
0.997464 -0.069784 0.014009 51.334928 0.069752 0.997561 0.002739 3.003651 -0.014166 -0.001755 0.999898 0.120420
0.997487 -0.069585 0.013360 52.323303 0.069590 0.997576 0.000102 3.058852 -0.013335 0.000828 0.999911 0.123462
0.997475 -0.069916 0.012442 53.274254 0.069962 0.997544 -0.003329 3.136393 -0.012179 0.004191 0.999917 0.128060
0.997361 -0.071306 0.013656 54.231069 0.071361 0.997444 -0.003567 3.188861 -0.013367 0.004532 0.999900 0.125236
0.997230 -0.072128 0.018144 55.183338 0.072267 0.997360 -0.007079 3.255457 -0.017586 0.008371 0.999810 0.114999
0.997071 -0.072678 0.023824 56.140308 0.072950 0.997278 -0.010728 3.340817 -0.022979 0.012435 0.999659 0.120630
0.996955 -0.073524 0.025972 57.104594 0.073771 0.997237 -0.008684 3.405751 -0.025262 0.010574 0.999625 0.094899
0.996960 -0.074581 0.022570 58.023451 0.074764 0.997174 -0.007373 3.486822 -0.021956 0.009038 0.999718 0.090436
0.997009 -0.075849 0.014832 58.938435 0.075931 0.997100 -0.005040 3.558046 -0.014407 0.006151 0.999877 0.088655
0.997006 -0.076756 0.009311 59.863381 0.076786 0.997043 -0.002951 3.644783 -0.009057 0.003657 0.999952 0.096123
0.996910 -0.077967 0.009530 60.782107 0.077951 0.996955 0.002027 3.718329 -0.009659 -0.001278 0.999953 0.082425
0.996816 -0.078784 0.012319 61.668197 0.078762 0.996891 0.002284 3.801092 -0.012460 -0.001307 0.999922 0.085800
0.996689 -0.080119 0.013825 62.564094 0.080079 0.996783 0.003465 3.872712 -0.014058 -0.002347 0.999898 0.083208
0.996610 -0.081179 0.013367 63.439752 0.081099 0.996685 0.006454 3.958837 -0.013846 -0.005348 0.999890 0.087739
0.996477 -0.082643 0.014285 64.285044 0.082545 0.996560 0.007374 4.039619 -0.014845 -0.006168 0.999871 0.083946
0.996343 -0.084116 0.014980 65.133803 0.084014 0.996437 0.007356 4.095743 -0.015546 -0.006071 0.999861 0.086389
0.996216 -0.085521 0.015483 65.946126 0.085407 0.996315 0.007918 4.177379 -0.016103 -0.006565 0.999849 0.086531
0.996050 -0.087259 0.016429 66.770184 0.087129 0.996161 0.008481 4.255713 -0.017106 -0.007016 0.999829 0.085858
0.995921 -0.088174 0.019154 67.577688 0.087967 0.996058 0.011387 4.329302 -0.020082 -0.009656 0.999752 0.082799
0.995709 -0.089698 0.022753 68.365668 0.089450 0.995923 0.011659 4.405586 -0.023706 -0.009573 0.999673 0.073977
0.995525 -0.091253 0.024542 69.126471 0.090913 0.995751 0.014624 4.487200 -0.025772 -0.012327 0.999592 0.067230
0.995481 -0.092528 0.021361 69.886640 0.092150 0.995582 0.018040 4.554293 -0.022936 -0.015990 0.999609 0.075883
0.995487 -0.093927 0.013567 70.609528 0.093662 0.995423 0.018982 4.644602 -0.015288 -0.017626 0.999728 0.069217
0.995444 -0.095025 0.007784 71.330418 0.094864 0.995311 0.018871 4.712984 -0.009540 -0.018047 0.999792 0.068579
0.995424 -0.095330 0.006546 72.006829 0.095182 0.995259 0.020014 4.791321 -0.008423 -0.019300 0.999778 0.062701
0.995307 -0.096315 0.009380 72.688897 0.096099 0.995144 0.021273 4.861910 -0.011383 -0.020272 0.999730 0.063441
0.995162 -0.097476 0.012285 73.357999 0.097208 0.995047 0.020806 4.920563 -0.014252 -0.019511 0.999708 0.072689
0.995111 -0.098310 0.009442 73.972140 0.098118 0.994993 0.019009 4.992717 -0.011263 -0.017989 0.999775 0.077060
0.995150 -0.098217 0.005400 74.602578 0.098153 0.995109 0.011105 5.058885 -0.006464 -0.010521 0.999924 0.086106
0.995266 -0.097187 0.000782 75.202514 0.097178 0.995238 0.007646 5.119439 -0.001521 -0.007534 0.999970 0.090111
0.995562 -0.094110 0.000178 75.777562 0.094104 0.995517 0.009520 5.167870 -0.001073 -0.009461 0.999955 0.096343
0.995924 -0.090157 0.002659 76.349507 0.090111 0.995833 0.014055 5.226669 -0.003915 -0.013758 0.999898 0.088164
0.996312 -0.085601 0.005864 76.909799 0.085529 0.996270 0.011454 5.278711 -0.006822 -0.010910 0.999917 0.094965
0.996738 -0.079971 0.010824 77.438343 0.079869 0.996759 0.009582 5.305366 -0.011555 -0.008686 0.999896 0.104604
0.997315 -0.071698 0.014934 77.975634 0.071640 0.997421 0.004401 5.328398 -0.015211 -0.003319 0.999879 0.110739
0.998007 -0.061298 0.014972 78.478520 0.061187 0.998096 0.007778 5.379201 -0.015420 -0.006846 0.999858 0.115598
0.998833 -0.046111 0.014353 78.980289 0.045930 0.998864 0.012718 5.408529 -0.014923 -0.012044 0.999816 0.112814
0.999851 -0.006221 0.016128 79.940550 0.005953 0.999844 0.016639 5.422905 -0.016229 -0.016540 0.999731 0.103442
0.999642 0.020173 0.017601 80.420472 -0.020407 0.999705 0.013196 5.396069 -0.017329 -0.013550 0.999758 0.106389
0.998594 0.049193 0.019737 80.868020 -0.049439 0.998703 0.012159 5.357129 -0.019114 -0.013117 0.999731 0.106043
0.996372 0.082295 0.021679 81.310400 -0.082554 0.996522 0.011329 5.316346 -0.020671 -0.013078 0.999701 0.098923
0.992537 0.119796 0.022790 81.777181 -0.120082 0.992696 0.011617 5.238694 -0.021231 -0.014267 0.999673 0.099326
0.986581 0.161501 0.023973 82.179482 -0.161819 0.986748 0.011928 5.188805 -0.021729 -0.015648 0.999641 0.097548
0.978147 0.206476 0.024423 82.595115 -0.206795 0.978319 0.011336 5.089390 -0.021553 -0.016139 0.999637 0.088499
0.966639 0.255021 0.023949 83.025213 -0.255363 0.966765 0.012437 4.942049 -0.019981 -0.018137 0.999636 0.086225
0.951137 0.307907 0.023065 83.401274 -0.308254 0.951211 0.013332 4.821071 -0.017835 -0.019791 0.999645 0.091107
0.931495 0.363101 0.021770 83.809308 -0.363429 0.931524 0.013534 4.615276 -0.015365 -0.020519 0.999671 0.086543
0.907282 0.419982 0.021331 84.131528 -0.420307 0.907275 0.013958 4.458354 -0.013491 -0.021629 0.999675 0.086567
0.878407 0.477481 0.020331 84.461878 -0.477785 0.878362 0.014206 4.248647 -0.011075 -0.022192 0.999692 0.071267
0.845448 0.533730 0.018716 84.843675 -0.533979 0.845406 0.012439 3.966162 -0.009184 -0.020510 0.999747 0.091988
0.808729 0.587892 0.018434 85.088595 -0.588130 0.808675 0.012191 3.756172 -0.007740 -0.020701 0.999756 0.088596
0.768814 0.639178 0.019384 85.422248 -0.639423 0.768779 0.010856 3.442925 -0.007963 -0.020741 0.999753 0.099932
0.726004 0.687333 0.022149 85.621484 -0.687628 0.725996 0.009878 3.198109 -0.009291 -0.022402 0.999706 0.088120
0.680847 0.732065 0.022977 85.854568 -0.732363 0.680864 0.008296 2.906468 -0.009571 -0.022476 0.999702 0.081246
0.634354 0.772771 0.020479 86.135484 -0.773006 0.634359 0.007080 2.552715 -0.007520 -0.020322 0.999765 0.090264
0.587697 0.808898 0.017228 86.275215 -0.809050 0.587728 0.003728 2.273751 -0.007110 -0.016130 0.999845 0.118743
0.540733 0.841003 0.017969 86.501668 -0.841177 0.540735 0.005168 1.913848 -0.005370 -0.017910 0.999825 0.107551
0.493482 0.869505 0.020914 86.624583 -0.869748 0.493440 0.007478 1.613281 -0.003818 -0.021880 0.999753 0.098250
0.447870 0.893839 0.021565 86.794468 -0.894097 0.447785 0.008885 1.266434 -0.001715 -0.023260 0.999728 0.096885
0.404981 0.914195 0.015434 86.945029 -0.914325 0.404919 0.007054 0.887898 0.000199 -0.016969 0.999856 0.089489
0.365565 0.930775 0.004595 87.017455 -0.930782 0.365573 -0.001135 0.549444 -0.002736 -0.003862 0.999989 0.130590
0.329917 0.944010 0.000393 87.091395 -0.943995 0.329914 -0.005502 0.194039 -0.005323 0.001444 0.999985 0.131334
0.296261 0.955103 0.002852 87.218781 -0.955102 0.296268 -0.002378 -0.185988 -0.003116 -0.002020 0.999993 0.141657
0.265599 0.964016 0.011421 87.319903 -0.964081 0.265550 0.005629 -0.530173 0.002394 -0.012506 0.999919 0.118700
0.236936 0.971393 0.016023 87.423366 -0.971507 0.236797 0.010095 -0.911646 0.006012 -0.017958 0.999821 0.115397
0.210786 0.977415 0.015141 87.503279 -0.977501 0.210630 0.011257 -1.310371 0.007814 -0.017174 0.999822 0.135121
0.187492 0.982237 0.007612 87.544350 -0.982211 0.187394 0.012013 -1.701678 0.010373 -0.009729 0.999899 0.137749
0.166949 0.985965 0.000387 87.609945 -0.985812 0.166916 0.017690 -2.101455 0.017377 -0.003334 0.999843 0.154908
0.147012 0.989133 -0.001910 87.659939 -0.988826 0.147014 0.024688 -2.548524 0.024701 -0.001741 0.999693 0.137362
0.129277 0.991608 0.000973 87.740330 -0.991281 0.129209 0.025827 -2.974124 0.025484 -0.004304 0.999666 0.148579
0.113531 0.993529 0.003361 87.775265 -0.993316 0.113434 0.021358 -3.430512 0.020838 -0.005764 0.999766 0.159842
0.099116 0.995069 0.003691 87.815328 -0.994924 0.099036 0.017863 -3.885188 0.017409 -0.005443 0.999834 0.178009
0.086019 0.996290 0.002487 87.858689 -0.996187 0.085973 0.014825 -4.384763 0.014556 -0.003753 0.999887 0.188230
0.074036 0.997255 -0.001312 87.886671 -0.997154 0.074047 0.014155 -4.883640 0.014213 0.000260 0.999899 0.194232
0.063752 0.997956 -0.004444 87.906778 -0.997857 0.063810 0.014479 -5.385306 0.014733 0.003512 0.999885 0.210154
0.055889 0.998422 -0.005461 87.930276 -0.998323 0.055965 0.014835 -5.913894 0.015117 0.004623 0.999875 0.216079
0.049913 0.998724 -0.007706 87.973259 -0.998637 0.050024 0.014893 -6.470397 0.015259 0.006953 0.999859 0.221888
0.044115 0.998986 -0.008974 88.004604 -0.998897 0.044252 0.015703 -7.032291 0.016084 0.008271 0.999836 0.237033
0.038226 0.999228 -0.009081 88.019958 -0.999127 0.038373 0.016538 -7.605121 0.016874 0.008440 0.999822 0.243933
0.033886 0.999356 -0.011842 88.037967 -0.999282 0.034079 0.016560 -8.235441 0.016953 0.011272 0.999793 0.252902
0.030822 0.999461 -0.011330 88.053948 -0.999385 0.031005 0.016371 -8.833384 0.016714 0.010818 0.999802 0.269543
0.027725 0.999544 -0.011923 88.063909 -0.999486 0.027912 0.015798 -9.487716 0.016124 0.011479 0.999804 0.279379
0.025191 0.999571 -0.014916 88.070638 -0.999559 0.025420 0.015382 -10.140934 0.015755 0.014522 0.999770 0.285674
0.024780 0.999523 -0.018434 88.087185 -0.999574 0.025056 0.014941 -10.822344 0.015396 0.018056 0.999718 0.304843
0.025377 0.999410 -0.023137 88.105712 -0.999568 0.025710 0.014239 -11.514811 0.014825 0.022765 0.999631 0.312293
0.027876 0.999290 -0.025327 88.113521 -0.999501 0.028240 0.014132 -12.211024 0.014837 0.024921 0.999579 0.328012
0.031703 0.999163 -0.025860 88.139527 -0.999387 0.032073 0.014050 -12.940576 0.014868 0.025399 0.999567 0.339690
0.035972 0.998972 -0.027568 88.178094 -0.999244 0.036361 0.013741 -13.681664 0.014729 0.027053 0.999525 0.356230
0.040052 0.998762 -0.029488 88.191801 -0.999113 0.040415 0.011805 -14.439906 0.012982 0.028989 0.999495 0.367288
0.044283 0.998596 -0.029082 88.249706 -0.998951 0.044602 0.010413 -15.228905 0.011696 0.028590 0.999523 0.378369
0.048279 0.998497 -0.025950 88.280184 -0.998787 0.048513 0.008471 -16.029513 0.009717 0.025510 0.999627 0.382100
0.052269 0.998316 -0.025180 88.332951 -0.998596 0.052467 0.007255 -16.808114 0.008563 0.024766 0.999657 0.394554
0.056319 0.998159 -0.022511 88.386905 -0.998371 0.056509 0.007913 -17.619781 0.009170 0.022029 0.999715 0.409369
0.059441 0.997983 -0.022295 88.442719 -0.998148 0.059710 0.011589 -18.431774 0.012897 0.021565 0.999684 0.430087
0.060659 0.998032 -0.015884 88.499175 -0.998001 0.060925 0.016793 -19.240894 0.017728 0.014833 0.999733 0.437844
0.060906 0.998073 -0.011829 88.569491 -0.997925 0.061136 0.020204 -20.083256 0.020888 0.010574 0.999726 0.462391
0.061159 0.998065 -0.011218 88.615485 -0.997918 0.061373 0.019814 -20.905009 0.020464 0.009983 0.999741 0.483619
0.061303 0.998049 -0.011860 88.686915 -0.997953 0.061505 0.017543 -21.718689 0.018238 0.010760 0.999776 0.504312
0.061154 0.998071 -0.010661 88.726674 -0.997985 0.061323 0.016286 -22.534462 0.016909 0.009644 0.999811 0.527132
0.061352 0.998093 -0.006820 88.782995 -0.997992 0.061450 0.015326 -23.367850 0.015716 0.005866 0.999859 0.546691
0.061837 0.998075 -0.004644 88.840869 -0.997961 0.061902 0.015578 -24.194820 0.015835 0.003671 0.999868 0.580215
0.061869 0.998081 -0.002356 88.909818 -0.997950 0.061899 0.016282 -25.006068 0.016396 0.001343 0.999865 0.592936
0.060747 0.998153 -0.000218 88.965582 -0.998004 0.060742 0.017250 -25.818899 0.017232 -0.000830 0.999851 0.612684
0.058057 0.998309 0.003029 89.017238 -0.998174 0.057998 0.016894 -26.637037 0.016690 -0.004004 0.999853 0.642295
0.054416 0.998508 0.004604 89.066922 -0.998401 0.054339 0.015554 -27.436442 0.015280 -0.005443 0.999868 0.662520
0.049494 0.998750 0.007047 89.124197 -0.998691 0.049398 0.013276 -28.261969 0.012911 -0.007694 0.999887 0.685887
0.042978 0.999038 0.008751 89.165294 -0.999019 0.042880 0.011096 -29.085703 0.010710 -0.009219 0.999900 0.702537
0.035851 0.999306 0.010150 89.203067 -0.999301 0.035739 0.010988 -29.901469 0.010618 -0.010537 0.999888 0.725068
0.027073 0.999579 0.010432 89.229541 -0.999568 0.026950 0.011748 -30.699590 0.011462 -0.010746 0.999877 0.739910
0.016940 0.999805 0.010111 89.245375 -0.999789 0.016821 0.011796 -31.525910 0.011624 -0.010308 0.999879 0.760945
0.006645 0.999928 0.009961 89.263150 -0.999918 0.006535 0.011034 -32.313844 0.010968 -0.010034 0.999890 0.776665
-0.003892 0.999934 0.010793 89.267569 -0.999939 -0.004003 0.010304 -33.109177 0.010347 -0.010752 0.999889 0.797358
-0.015099 0.999835 0.010136 89.255614 -0.999846 -0.015189 0.008774 -33.899869 0.008927 -0.010002 0.999910 0.813438
-0.026108 0.999607 0.010196 89.243467 -0.999616 -0.026200 0.009043 -34.692109 0.009306 -0.009956 0.999907 0.834096
-0.037288 0.999249 0.010523 89.200136 -0.999258 -0.037385 0.009224 -35.482009 0.009611 -0.010171 0.999902 0.849105
-0.047958 0.998783 0.011483 89.168528 -0.998795 -0.048073 0.009924 -36.248611 0.010464 -0.010993 0.999885 0.868309
-0.057888 0.998262 0.011069 89.120908 -0.998259 -0.058006 0.010658 -37.013856 0.011281 -0.010433 0.999882 0.887759
-0.068032 0.997623 0.010949 89.078940 -0.997610 -0.068155 0.011329 -37.772280 0.012048 -0.010152 0.999876 0.897477
-0.077476 0.996928 0.011455 89.012612 -0.996916 -0.077609 0.011643 -38.524657 0.012497 -0.010518 0.999867 0.917126
-0.086704 0.996186 0.009835 88.958827 -0.996156 -0.086817 0.011629 -39.275137 0.012438 -0.008789 0.999884 0.937824
-0.095187 0.995418 0.009053 88.873248 -0.995387 -0.095286 0.011185 -40.008415 0.011997 -0.007947 0.999896 0.961709
-0.103084 0.994647 0.007112 88.812487 -0.994613 -0.103154 0.010193 -40.764714 0.010872 -0.006023 0.999923 0.969091
-0.107958 0.994144 0.004672 88.729107 -0.994116 -0.107995 0.008417 -41.496914 0.008872 -0.003735 0.999954 0.992183
-0.111960 0.993712 0.001065 88.652685 -0.993688 -0.111965 0.006964 -42.204418 0.007039 -0.000278 0.999975 1.006067
-0.115330 0.993326 -0.001513 88.569486 -0.993314 -0.115320 0.005293 -42.897294 0.005083 0.002113 0.999985 1.022452
-0.117223 0.993101 -0.002918 88.488508 -0.993096 -0.117208 0.004842 -43.582337 0.004467 0.003466 0.999984 1.035947
-0.118098 0.992993 -0.004207 88.401859 -0.992992 -0.118077 0.004964 -44.246292 0.004432 0.004764 0.999979 1.050845
-0.117129 0.993108 -0.004086 88.328432 -0.993104 -0.117105 0.005563 -44.908051 0.005046 0.004709 0.999976 1.061290
-0.114302 0.993436 -0.004413 88.257002 -0.993424 -0.114268 0.007197 -45.556746 0.006645 0.005206 0.999964 1.087290
-0.051185 0.998687 -0.001906 88.235756 -0.998628 -0.051161 0.011141 -46.962412 0.011029 0.002473 0.999936 1.079404
-0.005597 0.999984 0.000856 88.188136 -0.999867 -0.005610 0.015296 -48.580658 0.015301 -0.000770 0.999883 1.142557
0.022416 0.999747 0.001687 88.197895 -0.999613 0.022385 0.016528 -49.121765 0.016486 -0.002056 0.999862 1.150379
0.055431 0.998460 0.002159 88.257627 -0.998324 0.055387 0.016784 -49.663997 0.016638 -0.003086 0.999857 1.174919
0.092891 0.995674 0.002069 88.311151 -0.995559 0.092847 0.015572 -50.177412 0.015313 -0.003507 0.999877 1.179836
0.135253 0.990809 0.002037 88.405352 -0.990737 0.135218 0.012496 -50.702800 0.012106 -0.003709 0.999920 1.197130
0.179663 0.983719 0.004298 88.535903 -0.983698 0.179622 0.008585 -51.207045 0.007673 -0.005771 0.999954 1.207069
0.227818 0.973664 0.008755 88.640012 -0.973698 0.227777 0.005412 -51.690794 0.003275 -0.009757 0.999947 1.221471
0.278840 0.960257 0.012413 88.820571 -0.960338 0.278810 0.004107 -52.158509 0.000483 -0.013065 0.999915 1.233171
0.332251 0.943110 0.012360 89.038341 -0.943191 0.332226 0.004079 -52.625349 -0.000259 -0.013013 0.999915 1.228911
0.389501 0.920979 0.009359 89.230701 -0.921026 0.389471 0.004875 -53.058566 0.000844 -0.010519 0.999944 1.256442
0.449209 0.893409 0.005694 89.448022 -0.893415 0.449162 0.007929 -53.470915 0.004527 -0.008649 0.999952 1.262233
0.508161 0.861262 -0.000521 89.726931 -0.861198 0.508131 0.011880 -53.873201 0.010496 -0.005589 0.999929 1.268988
0.566215 0.824257 -0.001008 90.001988 -0.824144 0.566157 0.015874 -54.234055 0.013655 -0.008158 0.999873 1.270375
0.621491 0.783421 -0.001181 90.341257 -0.783267 0.621397 0.018923 -54.595918 0.015558 -0.010836 0.999820 1.262087
0.674046 0.738683 -0.003127 90.671369 -0.738493 0.673958 0.020216 -54.922274 0.017040 -0.011317 0.999791 1.271585
0.723222 0.690604 -0.004091 90.994258 -0.690426 0.723149 0.019145 -55.215828 0.016180 -0.011021 0.999808 1.278202
0.768248 0.640150 -0.001845 91.411313 -0.640052 0.768175 0.015506 -55.516739 0.011343 -0.010731 0.999878 1.304689
0.809834 0.586654 0.002402 91.793902 -0.586643 0.809775 0.010735 -55.771730 0.004353 -0.010102 0.999939 1.310729
0.846329 0.532604 0.007801 92.169965 -0.532656 0.846292 0.008190 -55.972395 -0.002240 -0.011087 0.999936 1.314063
0.877714 0.479031 0.012107 92.611344 -0.479124 0.877725 0.006281 -56.196753 -0.007617 -0.011314 0.999907 1.312727
0.903548 0.428108 0.018033 93.059803 -0.428260 0.903640 0.005399 -56.375188 -0.013984 -0.012601 0.999823 1.319401
0.923799 0.382290 0.021193 93.473554 -0.382504 0.923927 0.007030 -56.531001 -0.016894 -0.014601 0.999751 1.324612
0.939424 0.341819 0.025338 93.954472 -0.342189 0.939555 0.011939 -56.657307 -0.019725 -0.019886 0.999608 1.307895
0.951557 0.306479 0.024683 94.398904 -0.306925 0.951584 0.016879 -56.783397 -0.018315 -0.023637 0.999553 1.324757
0.961078 0.275276 0.023501 94.878157 -0.275740 0.961034 0.019517 -56.897143 -0.017213 -0.025238 0.999533 1.282202
0.967157 0.253167 0.022656 95.355037 -0.253519 0.967226 0.014228 -57.009297 -0.018311 -0.019504 0.999642 1.305507
0.971035 0.237920 0.022020 95.829612 -0.238197 0.971156 0.010901 -57.130820 -0.018791 -0.015831 0.999698 1.305799
0.974190 0.224653 0.022039 96.330406 -0.225008 0.974238 0.015221 -57.232155 -0.018051 -0.019787 0.999641 1.289637
0.976433 0.214579 0.023125 96.821126 -0.215055 0.976386 0.020552 -57.326561 -0.018169 -0.025041 0.999521 1.273994
0.977860 0.207960 0.023281 97.359242 -0.208548 0.977651 0.026586 -57.429860 -0.017232 -0.030853 0.999375 1.270914
0.978478 0.205291 0.020901 97.876948 -0.205917 0.977967 0.034342 -57.519574 -0.013391 -0.037907 0.999192 1.257282
0.978748 0.204232 0.018492 98.406088 -0.204770 0.978200 0.034544 -57.638228 -0.011034 -0.037596 0.999232 1.262944
0.978250 0.206886 0.015018 98.971224 -0.207285 0.977709 0.033445 -57.735744 -0.007764 -0.035830 0.999328 1.250711
0.977498 0.210767 0.008593 99.510166 -0.210938 0.976925 0.033493 -57.879979 -0.001336 -0.034552 0.999402 1.258709
0.976487 0.215527 0.004544 100.086970 -0.215551 0.975843 0.035606 -57.984481 0.003240 -0.035748 0.999356 1.246440
0.975603 0.219468 0.005643 100.650327 -0.219520 0.974830 0.038969 -58.098706 0.003051 -0.039257 0.999224 1.252099
0.974314 0.224973 0.009958 101.235405 -0.225193 0.973463 0.040715 -58.229016 -0.000534 -0.041911 0.999121 1.243508
0.973155 0.229680 0.014722 101.847311 -0.230088 0.972393 0.038867 -58.383552 -0.005388 -0.041211 0.999136 1.249956
0.972122 0.233650 0.019677 102.440942 -0.234218 0.971568 0.034615 -58.524623 -0.011030 -0.038258 0.999207 1.246421
0.971193 0.237055 0.024268 103.092813 -0.237756 0.970803 0.031828 -58.685277 -0.016015 -0.036682 0.999199 1.242536
0.970491 0.239946 0.023950 103.729896 -0.240594 0.970181 0.029364 -58.851896 -0.016190 -0.034260 0.999282 1.234314
0.970337 0.240909 0.020196 104.368978 -0.241370 0.970118 0.024750 -59.024613 -0.013630 -0.028890 0.999490 1.230518
0.970558 0.240499 0.013310 105.018023 -0.240761 0.970289 0.023963 -59.173786 -0.007151 -0.026462 0.999624 1.237628
0.970797 0.239788 0.007438 105.672384 -0.239903 0.970387 0.028215 -59.330933 -0.000452 -0.029176 0.999574 1.228800
0.971339 0.237651 0.004754 106.361886 -0.237678 0.970798 0.032575 -59.477370 0.003126 -0.032772 0.999458 1.234307
0.971950 0.235047 0.008110 107.054849 -0.235185 0.971492 0.029848 -59.642773 -0.000863 -0.030919 0.999522 1.227459
0.972263 0.233464 0.014133 107.750923 -0.233747 0.972010 0.023639 -59.805341 -0.008218 -0.026287 0.999621 1.228010
0.972788 0.230868 0.019600 108.477403 -0.231279 0.972635 0.022169 -59.978045 -0.013946 -0.026099 0.999562 1.217514
0.973220 0.229016 0.019890 109.207777 -0.229487 0.972964 0.026000 -60.152163 -0.013398 -0.029868 0.999464 1.217753
0.973759 0.226935 0.017159 109.956027 -0.227375 0.973323 0.030703 -60.295995 -0.009733 -0.033798 0.999381 1.215366
0.974753 0.222966 0.011949 110.690114 -0.223242 0.974231 0.032203 -60.472569 -0.004461 -0.034058 0.999410 1.216618
0.975584 0.219452 0.008770 111.464358 -0.219624 0.974988 0.034114 -60.637553 -0.001064 -0.035207 0.999379 1.205020
0.976360 0.215942 0.009448 112.228640 -0.216135 0.975857 0.031429 -60.792110 -0.002433 -0.032728 0.999461 1.208079
0.977068 0.212636 0.011143 113.033024 -0.212871 0.976680 0.027970 -60.958025 -0.004936 -0.029700 0.999547 1.212348
0.977541 0.210369 0.012624 113.821791 -0.210630 0.977243 0.025140 -61.135571 -0.007048 -0.027235 0.999604 1.211781
0.977817 0.208957 0.014545 114.608335 -0.209250 0.977593 0.022956 -61.321044 -0.009422 -0.025490 0.999631 1.203632
0.977824 0.208851 0.015565 115.419552 -0.209114 0.977730 0.017766 -61.478947 -0.011508 -0.020627 0.999721 1.211046
0.977937 0.208228 0.016746 116.212796 -0.208501 0.977881 0.016632 -61.651353 -0.012912 -0.019756 0.999721 1.195880
0.977960 0.208152 0.016362 117.052036 -0.208485 0.977772 0.022292 -61.818776 -0.011358 -0.025212 0.999618 1.207826
0.977870 0.208716 0.014441 117.868275 -0.209052 0.977503 0.028006 -61.992628 -0.008270 -0.030405 0.999503 1.191855
0.977733 0.209348 0.014519 118.699897 -0.209745 0.977097 0.035896 -62.151009 -0.006672 -0.038142 0.999250 1.189885
0.977132 0.211991 0.016507 119.533478 -0.212508 0.976266 0.041764 -62.317106 -0.007261 -0.044317 0.998991 1.187206
0.976346 0.215409 0.018632 120.390083 -0.216021 0.975482 0.042058 -62.476138 -0.009115 -0.045088 0.998941 1.181879
0.975825 0.217771 0.018464 121.222079 -0.218387 0.974885 0.043655 -62.649691 -0.008493 -0.046632 0.998876 1.186646
0.975470 0.219535 0.016219 122.056382 -0.220045 0.974520 0.043495 -62.847954 -0.006257 -0.045997 0.998922 1.188068
0.975006 0.221646 0.015362 122.886847 -0.222069 0.974357 0.036234 -63.033443 -0.006937 -0.038740 0.999225 1.190748
0.975006 0.221756 0.013686 123.721034 -0.222084 0.974535 0.031001 -63.237653 -0.006462 -0.033266 0.999426 1.190973
0.974637 0.223414 0.013017 124.596498 -0.223709 0.974216 0.029269 -63.423430 -0.006142 -0.031439 0.999487 1.206129
0.974319 0.224597 0.016082 125.415805 -0.225005 0.973861 0.031098 -63.609066 -0.008677 -0.033918 0.999387 1.196122
0.973982 0.225530 0.022279 126.249791 -0.226181 0.973522 0.033112 -63.804837 -0.014221 -0.037289 0.999203 1.190214
0.973596 0.226682 0.026960 127.102551 -0.227556 0.973114 0.035604 -63.978358 -0.018164 -0.040799 0.999002 1.173090
0.973452 0.227850 0.021785 127.915938 -0.228517 0.972883 0.035769 -64.173868 -0.013044 -0.039797 0.999123 1.183046
0.973589 0.228206 0.006748 128.729573 -0.228304 0.973034 0.032901 -64.362395 0.000943 -0.033573 0.999436 1.186744
0.973617 0.228175 -0.002545 129.547488 -0.228001 0.973204 0.029838 -64.547212 0.009285 -0.028471 0.999552 1.225685
0.973865 0.227049 0.006014 130.385455 -0.227128 0.973435 0.028948 -64.750873 0.000718 -0.029557 0.999563 1.228687
0.973964 0.225448 0.023831 131.242410 -0.225964 0.973892 0.021776 -64.939109 -0.018299 -0.026594 0.999479 1.193288
0.973784 0.224454 0.036952 132.062669 -0.225103 0.974228 0.014428 -65.131517 -0.032761 -0.022368 0.999213 1.181977
0.974089 0.223547 0.034309 132.878308 -0.224280 0.974335 0.019203 -65.319502 -0.029136 -0.026400 0.999227 1.186339
0.974827 0.221885 0.021898 133.676725 -0.222475 0.974484 0.029754 -65.481194 -0.014737 -0.033877 0.999317 1.204082
0.975188 0.220952 0.013717 134.495430 -0.221289 0.974675 0.032234 -65.667112 -0.006247 -0.034469 0.999386 1.177463
0.975643 0.219066 0.011427 135.322808 -0.219302 0.975279 0.027146 -65.850400 -0.005198 -0.028990 0.999566 1.177436
0.976170 0.216650 0.012453 136.121512 -0.216903 0.975873 0.025015 -66.026603 -0.006733 -0.027120 0.999610 1.188597
0.977065 0.212644 0.011272 136.934315 -0.212864 0.976770 0.024671 -66.196944 -0.005764 -0.026504 0.999632 1.193949
0.978045 0.208143 0.010192 137.723271 -0.208343 0.977705 0.026176 -66.364377 -0.004516 -0.027725 0.999605 1.187809
0.978725 0.204908 0.010443 138.538145 -0.205131 0.978293 0.029391 -66.529855 -0.004194 -0.030908 0.999513 1.198070
0.979214 0.202499 0.011593 139.340025 -0.202785 0.978600 0.034941 -66.673907 -0.004270 -0.036566 0.999322 1.198521
0.979485 0.201025 0.014082 140.134647 -0.201415 0.978823 0.036572 -66.820139 -0.006432 -0.038658 0.999232 1.207000
0.979634 0.199966 0.018198 140.940383 -0.200518 0.979007 0.036580 -66.983624 -0.010501 -0.039484 0.999165 1.198798
0.979967 0.198308 0.018406 141.744082 -0.198858 0.979383 0.035548 -67.145028 -0.010977 -0.038496 0.999198 1.205855
0.980520 0.195814 0.015444 142.535144 -0.196223 0.980030 0.032225 -67.309915 -0.008825 -0.034628 0.999361 1.211496
0.981390 0.191747 0.010309 143.319033 -0.191968 0.980990 0.028397 -67.462882 -0.004668 -0.029847 0.999544 1.221265
0.982668 0.185154 0.009034 144.117188 -0.185336 0.982289 0.027561 -67.614042 -0.003771 -0.028758 0.999579 1.222363
0.983808 0.178713 0.013566 144.916010 -0.179007 0.983531 0.024965 -67.764515 -0.008881 -0.026989 0.999596 1.216064
0.984780 0.172510 0.021168 145.695853 -0.172947 0.984708 0.020948 -67.886049 -0.017231 -0.024290 0.999556 1.214599
0.985274 0.168280 0.030288 146.506544 -0.168955 0.985394 0.021292 -68.038071 -0.026263 -0.026096 0.999314 1.220739
0.985888 0.164020 0.033504 147.297584 -0.164795 0.986086 0.021843 -68.141835 -0.029455 -0.027056 0.999200 1.193211
0.986733 0.159619 0.029668 148.117509 -0.160385 0.986726 0.025484 -68.255507 -0.025207 -0.029904 0.999235 1.177366
0.988041 0.152845 0.020343 148.883364 -0.153375 0.987780 0.027701 -68.371599 -0.015860 -0.030489 0.999409 1.193983
0.989145 0.146337 0.013324 149.678962 -0.146648 0.988832 0.026570 -68.500387 -0.009287 -0.028236 0.999558 1.161063
0.990083 0.139753 0.014296 150.502149 -0.140075 0.989831 0.024782 -68.600861 -0.010687 -0.026538 0.999591 1.167782
0.991096 0.131873 0.018403 151.292606 -0.132397 0.990713 0.030960 -68.701388 -0.014150 -0.033121 0.999351 1.161558
0.992133 0.123978 0.017382 152.100746 -0.124526 0.991595 0.035100 -68.791248 -0.012884 -0.036988 0.999233 1.152754
0.993397 0.114072 0.012207 152.924320 -0.114457 0.992710 0.037770 -68.870153 -0.007810 -0.038918 0.999212 1.151441
0.994359 0.105688 0.008967 153.740353 -0.105948 0.993694 0.036699 -68.945979 -0.005032 -0.037442 0.999286 1.146880
0.995176 0.097485 0.011016 154.568261 -0.097828 0.994522 0.036810 -69.035479 -0.007367 -0.037710 0.999262 1.147982
0.995822 0.089512 0.018072 155.394373 -0.090149 0.995197 0.038161 -69.093399 -0.014569 -0.039630 0.999108 1.143959
0.996397 0.081398 0.023819 156.229386 -0.082325 0.995763 0.040979 -69.147131 -0.020382 -0.042792 0.998876 1.141140
0.996924 0.073556 0.027051 157.063814 -0.074629 0.996366 0.041049 -69.212484 -0.023934 -0.042942 0.998791 1.138279
0.997333 0.067187 0.028505 157.874900 -0.068327 0.996816 0.041108 -69.263924 -0.025652 -0.042946 0.998748 1.119807
0.997651 0.062854 0.027241 158.707903 -0.063947 0.997099 0.041275 -69.304949 -0.024567 -0.042920 0.998776 1.115640
0.998048 0.058589 0.021632 159.542277 -0.059516 0.997212 0.045023 -69.342409 -0.018933 -0.046222 0.998752 1.100475
0.998382 0.054707 0.015492 160.341059 -0.055426 0.997179 0.050611 -69.358876 -0.012680 -0.051388 0.998598 1.087284
0.998552 0.052152 0.013172 161.167084 -0.052777 0.997213 0.052726 -69.398918 -0.010385 -0.053345 0.998522 1.087164
0.998658 0.048254 0.018795 162.009619 -0.049209 0.997319 0.054159 -69.434903 -0.016131 -0.055011 0.998355 1.086870
0.998544 0.045801 0.028510 162.834514 -0.047323 0.997352 0.055225 -69.461195 -0.025905 -0.056494 0.998067 1.060913
0.998448 0.042024 0.036555 163.688399 -0.044053 0.997425 0.056593 -69.498453 -0.034082 -0.058115 0.997728 1.055162
0.998750 0.037178 0.033415 164.470772 -0.038937 0.997801 0.053639 -69.527676 -0.031348 -0.054873 0.998001 1.034407
0.999175 0.032836 0.023920 165.290674 -0.033849 0.998491 0.043254 -69.552410 -0.022463 -0.044028 0.998778 1.052381
0.999498 0.026100 0.017948 166.103261 -0.026865 0.998679 0.043802 -69.567075 -0.016781 -0.044262 0.998879 1.021872
0.999640 0.019140 0.018792 166.945875 -0.020007 0.998692 0.047044 -69.584153 -0.017867 -0.047403 0.998716 1.004531
0.999629 0.011315 0.024783 167.759535 -0.012374 0.998999 0.042994 -69.590731 -0.024271 -0.043285 0.998768 0.993734
0.999586 0.004111 0.028488 168.581619 -0.005132 0.999344 0.035863 -69.595904 -0.028322 -0.035995 0.998951 0.993594
0.999489 -0.002270 0.031888 169.425595 0.001306 0.999543 0.030208 -69.604468 -0.031942 -0.030151 0.999035 0.960575
0.999448 -0.007977 0.032249 170.254594 0.007235 0.999708 0.023055 -69.597470 -0.032424 -0.022809 0.999214 0.950481
0.999562 -0.014081 0.026031 171.110698 0.013556 0.999704 0.020226 -69.580415 -0.026309 -0.019865 0.999456 0.948517
0.999653 -0.021119 0.015718 171.923045 0.020887 0.999672 0.014786 -69.579654 -0.016025 -0.014453 0.999767 0.928437
0.999544 -0.027853 0.011631 172.768960 0.027721 0.999551 0.011352 -69.577739 -0.011942 -0.011024 0.999868 0.925156
0.999227 -0.034475 0.018898 173.632105 0.034246 0.999338 0.012286 -69.537245 -0.019309 -0.011629 0.999746 0.915059
0.998716 -0.039667 0.031520 174.472542 0.039194 0.999112 0.015480 -69.503845 -0.032106 -0.014225 0.999383 0.889768
0.998240 -0.044823 0.038819 175.339128 0.044103 0.998842 0.019201 -69.436019 -0.039635 -0.017455 0.999062 0.868044
0.998164 -0.048296 0.036561 176.167753 0.047634 0.998688 0.018776 -69.389455 -0.037420 -0.017000 0.999155 0.853519
0.998400 -0.050056 0.026298 177.008804 0.049548 0.998579 0.019608 -69.338281 -0.027243 -0.018274 0.999462 0.846501
0.998456 -0.053211 0.015966 177.840614 0.052682 0.998102 0.031881 -69.279090 -0.017632 -0.030991 0.999364 0.822096
0.998408 -0.055006 0.012512 178.714906 0.054578 0.997986 0.032325 -69.209662 -0.014265 -0.031590 0.999399 0.822102
0.998208 -0.057228 0.017507 179.555834 0.056750 0.998032 0.026661 -69.172569 -0.018998 -0.025620 0.999491 0.808639
0.997983 -0.057620 0.026630 180.415467 0.056948 0.998055 0.025361 -69.128403 -0.028040 -0.023794 0.999324 0.793653
0.997830 -0.057492 0.032086 181.275378 0.056680 0.998062 0.025683 -69.074304 -0.033500 -0.023809 0.999155 0.766714
0.997733 -0.059461 0.031529 182.085937 0.058693 0.997970 0.024731 -69.011978 -0.032936 -0.022824 0.999197 0.756564
0.997851 -0.061468 0.022687 182.941334 0.060891 0.997824 0.025293 -68.956629 -0.024192 -0.023857 0.999423 0.739793
0.997965 -0.062670 0.011760 183.807725 0.062447 0.997878 0.018454 -68.919684 -0.012892 -0.017682 0.999761 0.730441
0.997884 -0.064501 0.008191 184.625684 0.064433 0.997887 0.008396 -68.860957 -0.008715 -0.007850 0.999931 0.732785
0.997741 -0.065920 0.012917 185.503640 0.065786 0.997778 0.010530 -68.795268 -0.013583 -0.009656 0.999861 0.722170
0.997483 -0.067175 0.022702 186.368947 0.066928 0.997692 0.011474 -68.736736 -0.023420 -0.009926 0.999676 0.707563
0.997276 -0.068715 0.026792 187.207035 0.068445 0.997596 0.010885 -68.666284 -0.027476 -0.009021 0.999582 0.704720
0.997345 -0.068987 0.023335 188.039279 0.068760 0.997579 0.010382 -68.606866 -0.023995 -0.008750 0.999674 0.694900
0.997467 -0.068898 0.017655 188.891623 0.068666 0.997550 0.013406 -68.536146 -0.018535 -0.012159 0.999754 0.695278
0.997451 -0.069507 0.016136 189.739991 0.069229 0.997452 0.017204 -68.461774 -0.017291 -0.016043 0.999722 0.668657
0.997362 -0.070100 0.018828 190.565578 0.069724 0.997368 0.019905 -68.407028 -0.020173 -0.018540 0.999625 0.665839
0.997250 -0.070751 0.022043 191.426461 0.070195 0.997218 0.025066 -68.324773 -0.023755 -0.023450 0.999443 0.650872
0.997161 -0.071224 0.024444 192.232188 0.070520 0.997102 0.028540 -68.269978 -0.026406 -0.026736 0.999294 0.640851
0.997124 -0.071803 0.024244 193.052872 0.071052 0.997005 0.030525 -68.193668 -0.026363 -0.028715 0.999240 0.631981
0.997151 -0.072343 0.021339 193.897102 0.071690 0.996977 0.029955 -68.142362 -0.023441 -0.028340 0.999323 0.636879
0.997200 -0.073068 0.015902 194.693848 0.072537 0.996860 0.031752 -68.056285 -0.018172 -0.030510 0.999369 0.620057
0.997088 -0.074528 0.016166 195.518064 0.073938 0.996666 0.034495 -67.994536 -0.018683 -0.033199 0.999274 0.616973
0.996745 -0.076621 0.025060 196.329369 0.075684 0.996466 0.036428 -67.916943 -0.027762 -0.034413 0.999022 0.599086
0.996314 -0.078690 0.034159 197.119575 0.077484 0.996368 0.035306 -67.878146 -0.036813 -0.032530 0.998793 0.580720
0.996149 -0.079631 0.036686 197.852087 0.078683 0.996545 0.026598 -67.839345 -0.038677 -0.023609 0.998973 0.568071
0.996335 -0.079825 0.030740 198.614963 0.079148 0.996606 0.022626 -67.769516 -0.032442 -0.020110 0.999271 0.574483
0.996535 -0.079198 0.025425 199.356646 0.078586 0.996614 0.024201 -67.703346 -0.027256 -0.022119 0.999384 0.548825
0.996723 -0.078340 0.020171 200.087029 0.077807 0.996630 0.025975 -67.640337 -0.022138 -0.024321 0.999459 0.547028
0.996845 -0.077686 0.016246 200.784096 0.077349 0.996794 0.020443 -67.578246 -0.017782 -0.019121 0.999659 0.525415
0.997103 -0.075048 0.012416 201.472294 0.074809 0.997021 0.018779 -67.525185 -0.013788 -0.017796 0.999747 0.535686
0.997463 -0.070232 0.011598 202.134414 0.070017 0.997382 0.018051 -67.455012 -0.012836 -0.017194 0.999770 0.538989
0.997729 -0.065224 0.016785 202.795572 0.064907 0.997714 0.018791 -67.419483 -0.017972 -0.017659 0.999683 0.547103
0.997916 -0.059113 0.025856 203.472728 0.058508 0.998009 0.023571 -67.372198 -0.027197 -0.022009 0.999388 0.542900
0.998124 -0.053372 0.029986 204.130291 0.052498 0.998193 0.029235 -67.337579 -0.031492 -0.027606 0.999123 0.527452
