1.000000 0.000000 0.000000 0.000000 0.000000 1.000000 0.000000 0.000000 0.000000 0.000000 1.000000 0.000000
0.999994 -0.003201 -0.001136 0.724714 0.003203 0.999994 0.001377 -0.019925 0.001131 -0.001381 0.999998 0.029188
0.999972 -0.007416 -0.001319 1.457950 0.007418 0.999971 0.001455 -0.004638 0.001308 -0.001465 0.999998 0.011469
0.999926 -0.011966 -0.002227 2.183979 0.011973 0.999924 0.003094 0.005648 0.002190 -0.003121 0.999993 0.020683
0.999853 -0.016994 -0.002130 2.926796 0.016999 0.999853 0.002060 0.033667 0.002094 -0.002096 0.999996 0.020662
0.999773 -0.021067 -0.003058 3.683429 0.021076 0.999774 0.002863 0.055773 0.002997 -0.002926 0.999991 0.030184
0.999653 -0.026043 -0.003881 4.457073 0.026067 0.999641 0.006182 0.087714 0.003719 -0.006281 0.999973 0.042106
0.999530 -0.030490 -0.003176 5.252364 0.030514 0.999506 0.007576 0.108608 0.002944 -0.007670 0.999966 0.039467
0.999390 -0.034924 -0.000649 6.059268 0.034928 0.999357 0.008060 0.150952 0.000367 -0.008077 0.999967 0.048089
0.999254 -0.038574 0.001684 6.865217 0.038562 0.999233 0.006830 0.175946 -0.001947 -0.006760 0.999975 0.047006
0.999162 -0.040894 0.001765 7.677821 0.040881 0.999140 0.006958 0.220651 -0.002049 -0.006880 0.999974 0.053874
0.999072 -0.043045 0.001386 8.517959 0.043035 0.999054 0.006172 0.253440 -0.001650 -0.006106 0.999980 0.051220
0.998973 -0.045298 0.001240 9.339779 0.045291 0.998961 0.005013 0.289614 -0.001466 -0.004951 0.999987 0.063612
0.998884 -0.047191 0.001898 10.184502 0.047181 0.998874 0.005063 0.333995 -0.002135 -0.004968 0.999985 0.062115
0.998816 -0.048594 0.002112 11.055550 0.048593 0.998818 0.000794 0.373993 -0.002148 -0.000690 0.999997 0.065419
0.998732 -0.050339 -0.000051 11.912790 0.050338 0.998727 0.003158 0.440182 -0.000108 -0.003157 0.999995 0.070854
0.998635 -0.052167 -0.002432 12.793370 0.052180 0.998622 0.005583 0.479833 0.002137 -0.005703 0.999981 0.075728
0.998559 -0.053489 -0.004274 13.665090 0.053524 0.998528 0.008765 0.545836 0.003799 -0.008981 0.999952 0.084857
0.998481 -0.054929 -0.004197 14.558251 0.054969 0.998439 0.009942 0.594909 0.003644 -0.010158 0.999942 0.087785
0.998415 -0.056208 -0.002821 15.453456 0.056233 0.998370 0.009747 0.642006 0.002268 -0.009890 0.999949 0.100504
0.998360 -0.057238 -0.001250 16.346121 0.057247 0.998327 0.008109 0.715183 0.000784 -0.008167 0.999966 0.104523
0.998276 -0.058684 -0.000782 17.264699 0.058689 0.998238 0.008758 0.760053 0.000266 -0.008788 0.999961 0.117200
0.998196 -0.060018 -0.001585 18.174762 0.060028 0.998165 0.007900 0.812951 0.001108 -0.007981 0.999968 0.116576
0.998131 -0.061087 -0.001858 19.089820 0.061100 0.998095 0.008524 0.864442 0.001334 -0.008621 0.999962 0.126863
0.998100 -0.061613 -0.000346 20.024379 0.061614 0.998066 0.008265 0.932759 -0.000164 -0.008270 0.999966 0.132263
0.998094 -0.061629 0.003103 20.941914 0.061603 0.998070 0.007844 0.985873 -0.003581 -0.007638 0.999964 0.133362
0.998121 -0.060852 0.007127 21.878319 0.060793 0.998116 0.008235 1.057950 -0.007614 -0.007786 0.999941 0.135351
0.998185 -0.059349 0.010215 22.819795 0.059264 0.998207 0.008392 1.100471 -0.010695 -0.007771 0.999913 0.131885
0.998279 -0.057589 0.011038 23.764281 0.057529 0.998328 0.005646 1.168925 -0.011345 -0.005001 0.999923 0.127636
0.998363 -0.056561 0.008463 24.702349 0.056501 0.998377 0.007156 1.235084 -0.008854 -0.006667 0.999939 0.130913
0.998466 -0.055237 0.003838 25.680329 0.055192 0.998417 0.010856 1.298833 -0.004432 -0.010628 0.999934 0.140178
0.998552 -0.053787 0.000935 26.626725 0.053774 0.998496 0.010721 1.361978 -0.001511 -0.010655 0.999942 0.140651
0.998589 -0.053062 0.002242 27.601056 0.053038 0.998547 0.009545 1.397925 -0.002746 -0.009413 0.999952 0.142100
0.998576 -0.052849 0.007243 28.576618 0.052820 0.998596 0.004113 1.455129 -0.007450 -0.003725 0.999965 0.138902
0.998473 -0.054085 0.011204 29.553291 0.054095 0.998536 -0.000595 1.513923 -0.011156 0.001200 0.999937 0.134773
0.998432 -0.054817 0.011327 30.537394 0.054924 0.998447 -0.009375 1.558367 -0.010796 0.009982 0.999892 0.135959
0.998388 -0.056252 0.007509 31.528661 0.056316 0.998376 -0.008648 1.600957 -0.007010 0.009057 0.999934 0.138801
0.998303 -0.058092 0.003971 32.501275 0.058120 0.998282 -0.007468 1.651151 -0.003531 0.007686 0.999964 0.149213
0.998192 -0.060036 0.002782 33.490318 0.060050 0.998182 -0.005138 1.733453 -0.002469 0.005295 0.999983 0.141433
0.998148 -0.060653 0.004770 34.527658 0.060692 0.998119 -0.008629 1.802721 -0.004238 0.008903 0.999951 0.151292
0.998041 -0.062119 0.007446 35.507114 0.062177 0.998034 -0.007895 1.865473 -0.006941 0.008342 0.999941 0.138502
0.997964 -0.063186 0.008691 36.513353 0.063216 0.997994 -0.003274 1.933604 -0.008466 0.003817 0.999957 0.152084
0.997882 -0.064091 0.011144 37.510427 0.064139 0.997933 -0.004022 2.007066 -0.010863 0.004729 0.999930 0.145351
0.997831 -0.064198 0.014565 38.525934 0.064254 0.997928 -0.003369 2.057386 -0.014318 0.004297 0.999888 0.155551
0.997782 -0.064465 0.016583 39.520950 0.064501 0.997916 -0.001687 2.147420 -0.016439 0.002753 0.999861 0.133169
0.997781 -0.064540 0.016361 40.528438 0.064535 0.997915 0.000821 2.226119 -0.016380 0.000237 0.999866 0.135013
0.997783 -0.064845 0.014954 41.519842 0.064836 0.997895 0.001071 2.281708 -0.014992 -0.000100 0.999888 0.132529
0.997849 -0.064392 0.012270 42.520657 0.064336 0.997916 0.004887 2.342462 -0.012559 -0.004087 0.999913 0.134451
0.997774 -0.065522 0.012379 43.508756 0.065461 0.997841 0.005251 2.429557 -0.012696 -0.004429 0.999910 0.130257
0.997675 -0.066671 0.014155 44.480788 0.066640 0.997774 0.002614 2.502821 -0.014298 -0.001664 0.999896 0.124683
0.997593 -0.067716 0.014926 45.498633 0.067701 0.997705 0.001490 2.559820 -0.014993 -0.000476 0.999887 0.115161
0.997607 -0.067962 0.012682 46.467971 0.067939 0.997687 0.002249 2.641350 -0.012806 -0.001382 0.999917 0.124827
0.997623 -0.068525 0.007321 47.464307 0.068464 0.997619 0.008289 2.709160 -0.007872 -0.007768 0.999939 0.122740
0.997607 -0.068847 0.006336 48.416725 0.068796 0.997598 0.008083 2.794001 -0.006877 -0.007627 0.999947 0.133715
0.997541 -0.069427 0.009602 49.401626 0.069365 0.997569 0.006651 2.859814 -0.010041 -0.005969 0.999932 0.120967
0.997494 -0.069371 0.013879 50.385158 0.069344 0.997590 0.002469 2.925585 -0.014017 -0.001500 0.999901 0.125396
0.997464 -0.069784 0.014009 51.334928 0.069752 0.997561 0.002739 3.003651 -0.014166 -0.001755 0.999898 0.120420
0.997487 -0.069585 0.013360 52.323303 0.069590 0.997576 0.000102 3.058852 -0.013335 0.000828 0.999911 0.123462
0.997475 -0.069916 0.012442 53.274254 0.069962 0.997544 -0.003329 3.136393 -0.012179 0.004191 0.999917 0.128060
0.997361 -0.071306 0.013656 54.231069 0.071361 0.997444 -0.003567 3.188861 -0.013367 0.004532 0.999900 0.125236
0.997230 -0.072128 0.018144 55.183338 0.072267 0.997360 -0.007079 3.255457 -0.017586 0.008371 0.999810 0.114999
0.997071 -0.072678 0.023824 56.140308 0.072950 0.997278 -0.010728 3.340817 -0.022979 0.012435 0.999659 0.120630
0.996955 -0.073524 0.025972 57.104594 0.073771 0.997237 -0.008684 3.405751 -0.025262 0.010574 0.999625 0.094899
0.996960 -0.074581 0.022570 58.023451 0.074764 0.997174 -0.007373 3.486822 -0.021956 0.009038 0.999718 0.090436
0.997009 -0.075849 0.014832 58.938435 0.075931 0.997100 -0.005040 3.558046 -0.014407 0.006151 0.999877 0.088655
0.997006 -0.076756 0.009311 59.863381 0.076786 0.997043 -0.002951 3.644783 -0.009057 0.003657 0.999952 0.096123
0.996910 -0.077967 0.009530 60.782107 0.077951 0.996955 0.002027 3.718329 -0.009659 -0.001278 0.999953 0.082425
0.996816 -0.078784 0.012319 61.668197 0.078762 0.996891 0.002284 3.801092 -0.012460 -0.001307 0.999922 0.085800
0.996689 -0.080119 0.013825 62.564094 0.080079 0.996783 0.003465 3.872712 -0.014058 -0.002347 0.999898 0.083208
0.996610 -0.081179 0.013367 63.439752 0.081099 0.996685 0.006454 3.958837 -0.013846 -0.005348 0.999890 0.087739
0.996477 -0.082643 0.014285 64.285044 0.082545 0.996560 0.007374 4.039619 -0.014845 -0.006168 0.999871 0.083946
0.996343 -0.084116 0.014980 65.133803 0.084014 0.996437 0.007356 4.095743 -0.015546 -0.006071 0.999861 0.086389
0.996216 -0.085521 0.015483 65.946126 0.085407 0.996315 0.007918 4.177379 -0.016103 -0.006565 0.999849 0.086531
0.996050 -0.087259 0.016429 66.770184 0.087129 0.996161 0.008481 4.255713 -0.017106 -0.007016 0.999829 0.085858
0.995921 -0.088174 0.019154 67.577688 0.087967 0.996058 0.011387 4.329302 -0.020082 -0.009656 0.999752 0.082799
0.995709 -0.089698 0.022753 68.365668 0.089450 0.995923 0.011659 4.405586 -0.023706 -0.009573 0.999673 0.073977
0.995525 -0.091253 0.024542 69.126471 0.090913 0.995751 0.014624 4.487200 -0.025772 -0.012327 0.999592 0.067230
0.995481 -0.092528 0.021361 69.886640 0.092150 0.995582 0.018040 4.554293 -0.022936 -0.015990 0.999609 0.075883
0.995487 -0.093927 0.013567 70.609528 0.093662 0.995423 0.018982 4.644602 -0.015288 -0.017626 0.999728 0.069217
0.995444 -0.095025 0.007784 71.330418 0.094864 0.995311 0.018871 4.712984 -0.009540 -0.018047 0.999792 0.068579
0.995424 -0.095330 0.006546 72.006829 0.095182 0.995259 0.020014 4.791321 -0.008423 -0.019300 0.999778 0.062701
0.995307 -0.096315 0.009380 72.688897 0.096099 0.995144 0.021273 4.861910 -0.011383 -0.020272 0.999730 0.063441
0.995162 -0.097476 0.012285 73.357999 0.097208 0.995047 0.020806 4.920563 -0.014252 -0.019511 0.999708 0.072689
0.995111 -0.098310 0.009442 73.972140 0.098118 0.994993 0.019009 4.992717 -0.011263 -0.017989 0.999775 0.077060
0.995150 -0.098217 0.005400 74.602578 0.098153 0.995109 0.011105 5.058885 -0.006464 -0.010521 0.999924 0.086106
0.995266 -0.097187 0.000782 75.202514 0.097178 0.995238 0.007646 5.119439 -0.001521 -0.007534 0.999970 0.090111
0.995562 -0.094110 0.000178 75.777562 0.094104 0.995517 0.009520 5.167870 -0.001073 -0.009461 0.999955 0.096343
0.995924 -0.090157 0.002659 76.349507 0.090111 0.995833 0.014055 5.226669 -0.003915 -0.013758 0.999898 0.088164
0.996312 -0.085601 0.005864 76.909799 0.085529 0.996270 0.011454 5.278711 -0.006822 -0.010910 0.999917 0.094965
0.996738 -0.079971 0.010824 77.438343 0.079869 0.996759 0.009582 5.305366 -0.011555 -0.008686 0.999896 0.104604
0.997315 -0.071698 0.014934 77.975634 0.071640 0.997421 0.004401 5.328398 -0.015211 -0.003319 0.999879 0.110739
0.998007 -0.061298 0.014972 78.478520 0.061187 0.998096 0.007778 5.379201 -0.015420 -0.006846 0.999858 0.115598
0.998833 -0.046111 0.014353 78.980289 0.045930 0.998864 0.012718 5.408529 -0.014923 -0.012044 0.999816 0.112814
0.999494 -0.028085 0.014939 79.483786 0.027811 0.999447 0.018239 5.434532 -0.015443 -0.017814 0.999722 0.103456
0.999853 -0.006312 0.015912 79.957728 0.006041 0.999837 0.017015 5.423628 -0.016017 -0.016916 0.999729 0.102944
0.999637 0.020281 0.017754 80.423612 -0.020518 0.999701 0.013301 5.406146 -0.017479 -0.013660 0.999754 0.108899
0.998587 0.049195 0.020098 80.874364 -0.049436 0.998709 0.011667 5.366576 -0.019498 -0.012644 0.999730 0.104680
0.996382 0.082228 0.021482 81.310803 -0.082493 0.996522 0.011777 5.319161 -0.020439 -0.013506 0.999700 0.097505
0.992545 0.119724 0.022834 81.778189 -0.120012 0.992704 0.011679 5.241559 -0.021269 -0.014332 0.999671 0.099086
0.986589 0.161444 0.024063 82.176148 -0.161759 0.986760 0.011788 5.189285 -0.021842 -0.015522 0.999641 0.096114
0.978108 0.206661 0.024396 82.604892 -0.206986 0.978275 0.011580 5.079639 -0.021473 -0.016376 0.999635 0.089681
0.966632 0.255046 0.023946 83.029288 -0.255395 0.966752 0.012815 4.938884 -0.019881 -0.018503 0.999631 0.088350
0.951137 0.307898 0.023172 83.395953 -0.308251 0.951209 0.013536 4.819552 -0.017874 -0.020018 0.999640 0.094180
0.931522 0.363031 0.021807 83.812042 -0.363363 0.931545 0.013803 4.620487 -0.015304 -0.020782 0.999667 0.086384
0.907168 0.420226 0.021353 84.135472 -0.420553 0.907160 0.014025 4.460195 -0.013477 -0.021703 0.999674 0.086608
0.878395 0.477500 0.020413 84.474424 -0.477808 0.878347 0.014354 4.248973 -0.011076 -0.022362 0.999689 0.072903
0.845463 0.533704 0.018760 84.844158 -0.533956 0.845419 0.012567 3.966411 -0.009153 -0.020642 0.999745 0.092532
0.808697 0.587938 0.018404 85.091277 -0.588177 0.808636 0.012461 3.755717 -0.007556 -0.020902 0.999753 0.087708
0.768890 0.639086 0.019413 85.421461 -0.639331 0.768856 0.010816 3.445695 -0.008013 -0.020728 0.999753 0.100218
0.726032 0.687309 0.022003 85.631630 -0.687602 0.726016 0.010160 3.202574 -0.008991 -0.022505 0.999706 0.089549
0.680925 0.732004 0.022626 85.870069 -0.732297 0.680930 0.008672 2.916739 -0.009059 -0.022474 0.999706 0.082220
0.634188 0.772910 0.020379 86.132420 -0.773142 0.634194 0.007002 2.555229 -0.007512 -0.020196 0.999768 0.088363
0.587671 0.808915 0.017309 86.282183 -0.809070 0.587700 0.003891 2.268694 -0.007024 -0.016291 0.999843 0.117867
0.540743 0.840994 0.018026 86.503311 -0.841169 0.540750 0.004919 1.909426 -0.005611 -0.017823 0.999825 0.109769
0.493570 0.869456 0.020829 86.638568 -0.869699 0.493523 0.007701 1.616592 -0.003584 -0.021916 0.999753 0.098809
0.447774 0.893888 0.021506 86.782438 -0.894146 0.447681 0.009249 1.270812 -0.001360 -0.023371 0.999726 0.099906
0.405078 0.914152 0.015450 86.946802 -0.914282 0.405014 0.007187 0.883652 0.000313 -0.017037 0.999855 0.086770
0.365807 0.930680 0.004452 87.009809 -0.930686 0.365816 -0.001353 0.556311 -0.002888 -0.003649 0.999989 0.131172
0.330058 0.943961 0.000422 87.106255 -0.943945 0.330055 -0.005653 0.195645 -0.005476 0.001467 0.999984 0.128781
0.296240 0.955109 0.002780 87.228800 -0.955109 0.296247 -0.002249 -0.183702 -0.002971 -0.001989 0.999994 0.139582
0.265632 0.964007 0.011446 87.325457 -0.964072 0.265584 0.005579 -0.526376 0.002339 -0.012517 0.999919 0.122211
0.236964 0.971385 0.016106 87.421300 -0.971499 0.236823 0.010201 -0.901293 0.006095 -0.018064 0.999818 0.114487
0.210881 0.977393 0.015209 87.504619 -0.977479 0.210721 0.011466 -1.322006 0.008002 -0.017284 0.999819 0.133360
0.187555 0.982227 0.007304 87.552157 -0.982196 0.187459 0.012234 -1.703071 0.010647 -0.009469 0.999898 0.141829
0.167038 0.985950 0.000279 87.609889 -0.985799 0.167008 0.017549 -2.097883 0.017256 -0.003207 0.999846 0.154436
0.146852 0.989157 -0.001792 87.655014 -0.988849 0.146852 0.024751 -2.539560 0.024746 -0.001863 0.999692 0.137260
0.129364 0.991596 0.001267 87.734011 -0.991267 0.129287 0.025959 -2.981775 0.025577 -0.004614 0.999662 0.150471
0.113797 0.993498 0.003455 87.786481 -0.993283 0.113698 0.021494 -3.424488 0.020962 -0.005878 0.999763 0.158350
0.099184 0.995063 0.003462 87.811097 -0.994914 0.099106 0.017974 -3.894385 0.017542 -0.005227 0.999832 0.176871
0.086069 0.996286 0.002417 87.871739 -0.996181 0.086024 0.014973 -4.371694 0.014709 -0.003697 0.999885 0.183328
0.074078 0.997251 -0.001563 87.889058 -0.997153 0.074092 0.014037 -4.884439 0.014114 0.000519 0.999900 0.197669
0.063935 0.997944 -0.004501 87.908171 -0.997845 0.063994 0.014521 -5.394800 0.014779 0.003563 0.999884 0.204835
0.056058 0.998410 -0.005897 87.947567 -0.998311 0.056141 0.014921 -5.914000 0.015228 0.005051 0.999871 0.215785
0.049981 0.998723 -0.007407 87.971837 -0.998632 0.050087 0.014982 -6.464516 0.015334 0.006648 0.999860 0.221740
0.044130 0.998995 -0.007902 87.999248 -0.998895 0.044251 0.015847 -7.024663 0.016181 0.007194 0.999843 0.237334
0.038402 0.999222 -0.008953 88.015388 -0.999120 0.038546 0.016525 -7.613517 0.016857 0.008310 0.999823 0.244305
0.033807 0.999366 -0.011143 88.040703 -0.999284 0.033989 0.016640 -8.228051 0.017008 0.010572 0.999799 0.253207
0.030976 0.999454 -0.011467 88.057922 -0.999382 0.031161 0.016294 -8.835660 0.016642 0.010955 0.999801 0.269150
0.027785 0.999553 -0.011023 88.075681 -0.999479 0.027961 0.016108 -9.496588 0.016409 0.010570 0.999809 0.284938
0.025117 0.999575 -0.014829 88.085899 -0.999559 0.025346 0.015463 -10.133427 0.015833 0.014434 0.999770 0.290432
0.024582 0.999532 -0.018226 88.084588 -0.999578 0.024858 0.015061 -10.816635 0.015507 0.017848 0.999720 0.304863
0.025366 0.999411 -0.023117 88.116750 -0.999565 0.025705 0.014462 -11.521672 0.015047 0.022741 0.999628 0.317363
0.027860 0.999289 -0.025392 88.126696 -0.999502 0.028225 0.014127 -12.211918 0.014833 0.024985 0.999578 0.331423
0.031643 0.999114 -0.027741 88.153619 -0.999387 0.032043 0.014099 -12.948083 0.014976 0.027278 0.999516 0.344406
0.035771 0.998974 -0.027789 88.189852 -0.999252 0.036161 0.013677 -13.699699 0.014668 0.027279 0.999520 0.360668
0.040078 0.998752 -0.029814 88.200522 -0.999113 0.040442 0.011712 -14.443967 0.012903 0.029318 0.999487 0.372237
0.044028 0.998630 -0.028290 88.248322 -0.998961 0.044340 0.010504 -15.236588 0.011744 0.027798 0.999545 0.383576
0.047955 0.998498 -0.026507 88.275373 -0.998800 0.048199 0.008660 -16.010540 0.009925 0.026060 0.999611 0.383582
0.052104 0.998314 -0.025589 88.329043 -0.998606 0.052301 0.007124 -16.812723 0.008450 0.025182 0.999647 0.396285
0.056135 0.998110 -0.025003 88.389772 -0.998379 0.056351 0.007988 -17.623341 0.009382 0.024514 0.999655 0.413188
0.059633 0.998003 -0.020830 88.444530 -0.998138 0.059883 0.011590 -18.436618 0.012814 0.020100 0.999716 0.428253
0.060631 0.998036 -0.015761 88.507358 -0.997998 0.060898 0.017049 -19.245886 0.017975 0.014696 0.999730 0.443340
0.061029 0.998056 -0.012649 88.563467 -0.997916 0.061276 0.020219 -20.073519 0.020955 0.011389 0.999716 0.464387
0.061109 0.998076 -0.010480 88.628254 -0.997922 0.061308 0.019848 -20.899516 0.020453 0.009245 0.999748 0.477584
0.061305 0.998069 -0.009968 88.679286 -0.997952 0.061474 0.017657 -21.718665 0.018235 0.008865 0.999794 0.508668
0.061154 0.998085 -0.009342 88.719081 -0.997983 0.061302 0.016494 -22.548011 0.017035 0.008314 0.999820 0.533244
0.061459 0.998085 -0.006964 88.774294 -0.997983 0.061561 0.015494 -23.359382 0.015893 0.005998 0.999856 0.552863
0.061927 0.998067 -0.005321 88.848329 -0.997951 0.062004 0.015796 -24.190757 0.016095 0.004332 0.999861 0.584161
0.061805 0.998084 -0.002758 88.905126 -0.997951 0.061842 0.016428 -25.016806 0.016567 0.001737 0.999861 0.598889
0.060563 0.998164 0.001125 88.962498 -0.998014 0.060535 0.017414 -25.808638 0.017314 -0.002178 0.999848 0.621876
0.057900 0.998318 0.003092 89.016076 -0.998178 0.057839 0.017170 -26.640616 0.016963 -0.004080 0.999848 0.646300
0.054070 0.998520 0.005837 89.062065 -0.998420 0.053974 0.015622 -27.453993 0.015284 -0.006672 0.999861 0.664298
0.049477 0.998741 0.008300 89.132554 -0.998692 0.049364 0.013344 -28.260837 0.012917 -0.008949 0.999877 0.692826
0.043249 0.999022 0.009195 89.164137 -0.999005 0.043144 0.011321 -29.086570 0.010913 -0.009675 0.999894 0.696600
0.035749 0.999303 0.010741 89.201074 -0.999304 0.035630 0.011051 -29.886681 0.010661 -0.011128 0.999881 0.722050
0.027142 0.999566 0.011459 89.240202 -0.999565 0.027006 0.011856 -30.703275 0.011541 -0.011776 0.999864 0.743422
0.016883 0.999798 0.010916 89.253156 -0.999787 0.016751 0.012021 -31.515487 0.011835 -0.011117 0.999868 0.761153
0.006644 0.999924 0.010359 89.270890 -0.999918 0.006530 0.011020 -32.290005 0.010952 -0.010431 0.999886 0.779065
-0.004005 0.999930 0.011172 89.278777 -0.999940 -0.004119 0.010163 -33.114620 0.010209 -0.011130 0.999886 0.798532
-0.015189 0.999829 0.010566 89.264397 -0.999844 -0.015282 0.008835 -33.899374 0.008995 -0.010430 0.999905 0.811023
-0.026073 0.999602 0.010803 89.240110 -0.999616 -0.026172 0.009122 -34.688823 0.009401 -0.010561 0.999900 0.836588
-0.037268 0.999242 0.011249 89.204150 -0.999259 -0.037372 0.009234 -35.482270 0.009647 -0.010897 0.999894 0.853960
-0.048046 0.998770 0.012223 89.174303 -0.998788 -0.048171 0.010119 -36.244151 0.010695 -0.011722 0.999874 0.872633
-0.058000 0.998252 0.011396 89.133018 -0.998250 -0.058125 0.010890 -37.011025 0.011534 -0.010744 0.999876 0.891767
-0.068098 0.997611 0.011654 89.088149 -0.997603 -0.068232 0.011522 -37.763449 0.012290 -0.010842 0.999866 0.903636
-0.077525 0.996920 0.011817 89.022601 -0.996912 -0.077662 0.011624 -38.526763 0.012506 -0.010879 0.999863 0.926378
-0.086588 0.996184 0.010999 88.957433 -0.996165 -0.086715 0.011664 -39.266309 0.012574 -0.009946 0.999871 0.941496
-0.095345 0.995397 0.009716 88.884310 -0.995371 -0.095453 0.011222 -40.009770 0.012098 -0.008601 0.999890 0.963838
-0.102850 0.994666 0.007835 88.813864 -0.994635 -0.102928 0.010357 -40.744688 0.011108 -0.006728 0.999916 0.976753
-0.108157 0.994119 0.005502 88.725058 -0.994093 -0.108201 0.008502 -41.465424 0.009047 -0.004550 0.999949 0.992644
-0.112425 0.993658 0.001955 88.661387 -0.993635 -0.112436 0.006845 -42.184187 0.007022 -0.001173 0.999975 1.012828
-0.115362 0.993323 -0.000431 88.579065 -0.993310 -0.115358 0.005294 -42.883888 0.005209 0.001039 0.999986 1.028768
-0.117340 0.993088 -0.002657 88.488369 -0.993082 -0.117326 0.004811 -43.577018 0.004466 0.003203 0.999985 1.045092
-0.118065 0.993000 -0.003430 88.403449 -0.992996 -0.118047 0.004902 -44.240092 0.004463 0.003985 0.999982 1.056105
-0.117300 0.993092 -0.002936 88.328353 -0.993083 -0.117283 0.005503 -44.885841 0.005121 0.003561 0.999981 1.067409
-0.114248 0.993448 -0.002858 88.260476 -0.993430 -0.114226 0.007025 -45.547650 0.006653 0.003642 0.999971 1.093260
-0.109175 0.994015 -0.003780 88.198461 -0.993997 -0.109144 0.007640 -46.154369 0.007182 0.004591 0.999964 1.098670
-0.101160 0.994867 -0.002494 88.136785 -0.994839 -0.101136 0.008176 -46.761209 0.007881 0.003308 0.999963 1.111801
-0.089793 0.995958 -0.002322 88.094530 -0.995926 -0.089770 0.008526 -47.336904 0.008283 0.003079 0.999961 1.123195
-0.076036 0.997103 -0.002126 88.057102 -0.997068 -0.076015 0.008732 -47.921703 0.008545 0.002784 0.999960 1.136397
-0.059274 0.998240 -0.001731 88.040605 -0.998192 -0.059254 0.010061 -48.455329 0.009941 0.002324 0.999948 1.151273
-0.037780 0.999286 -0.000150 88.016938 -0.999207 -0.037776 0.012592 -48.991964 0.012578 0.000625 0.999921 1.166027
-0.013472 0.999908 0.001459 88.025279 -0.999787 -0.013493 0.015612 -49.526086 0.015630 -0.001248 0.999877 1.182934
0.014719 0.999888 0.002697 88.055554 -0.999736 0.014669 0.017672 -50.052525 0.017630 -0.002956 0.999840 1.195708
0.047636 0.998859 0.003385 88.107459 -0.998709 0.047569 0.017821 -50.570212 0.017639 -0.004230 0.999835 1.211679
0.085195 0.996360 0.003058 88.158726 -0.996243 0.085136 0.015894 -51.078539 0.015575 -0.004401 0.999869 1.215706
0.127521 0.991831 0.003257 88.232185 -0.991762 0.127471 0.012662 -51.598328 0.012143 -0.004845 0.999915 1.235031
0.172169 0.985051 0.005746 88.354053 -0.985040 0.172118 0.008417 -52.113326 0.007302 -0.007109 0.999948 1.244770
0.219899 0.975468 0.010331 88.486657 -0.975517 0.219850 0.005655 -52.609333 0.003245 -0.011322 0.999931 1.257198
0.271213 0.962419 0.013917 88.651646 -0.962519 0.271182 0.004114 -53.076039 0.000186 -0.014512 0.999895 1.269652
0.325024 0.945604 0.013909 88.841606 -0.945706 0.324997 0.004206 -53.546753 -0.000543 -0.014521 0.999894 1.265689
0.382439 0.923918 0.010768 89.052658 -0.923981 0.382409 0.004845 -53.975269 0.000359 -0.011802 0.999930 1.285585
0.442564 0.896713 0.006522 89.247787 -0.896725 0.442510 0.008314 -54.396258 0.004570 -0.009528 0.999944 1.285575
0.501492 0.865162 0.001146 89.535886 -0.865109 0.501445 0.011830 -54.798062 0.009660 -0.006924 0.999929 1.302337
0.559898 0.828561 0.000695 89.789290 -0.828453 0.559811 0.016646 -55.160518 0.013403 -0.009895 0.999861 1.306006
0.615213 0.788361 -0.000301 90.124811 -0.788206 0.615099 0.019583 -55.515902 0.015624 -0.011810 0.999808 1.300770
0.668014 0.744146 -0.001779 90.455408 -0.743958 0.667895 0.021020 -55.840361 0.016830 -0.012718 0.999777 1.305074
0.717549 0.696500 -0.003321 90.783397 -0.696319 0.717458 0.019850 -56.136841 0.016209 -0.011931 0.999797 1.310247
0.763145 0.646227 -0.000434 91.182686 -0.646144 0.763057 0.015547 -56.446105 0.010378 -0.011584 0.999879 1.341023
0.805009 0.593251 0.003653 91.561456 -0.593251 0.804941 0.011076 -56.695884 0.003630 -0.011083 0.999932 1.337189
0.841738 0.539817 0.008632 91.958058 -0.539879 0.841702 0.008280 -56.902653 -0.002796 -0.011630 0.999928 1.344803
0.873674 0.486332 0.013188 92.404423 -0.486434 0.873698 0.005855 -57.125993 -0.008675 -0.011530 0.999896 1.336672
0.899972 0.435544 0.018778 92.811436 -0.435702 0.900076 0.005148 -57.320793 -0.014659 -0.012815 0.999810 1.350444
0.920860 0.389229 0.022765 93.246224 -0.389471 0.921011 0.007177 -57.469346 -0.018173 -0.015475 0.999715 1.359257
0.936722 0.349071 0.026487 93.741027 -0.349473 0.936865 0.012343 -57.602526 -0.020506 -0.020819 0.999573 1.342093
0.949149 0.313728 0.026264 94.173652 -0.314215 0.949200 0.016961 -57.728124 -0.019608 -0.024351 0.999511 1.345617
0.958941 0.282533 0.024649 94.638667 -0.283023 0.958919 0.019298 -57.856110 -0.018184 -0.025482 0.999510 1.313398
0.965268 0.260145 0.024142 95.115983 -0.260534 0.965354 0.014597 -57.985868 -0.019508 -0.020380 0.999602 1.337185
0.969310 0.244737 0.023265 95.583787 -0.245045 0.969444 0.011443 -58.112674 -0.019753 -0.016792 0.999664 1.325729
0.972418 0.232080 0.023280 96.104638 -0.232461 0.972486 0.015228 -58.195473 -0.019105 -0.020219 0.999613 1.319001
0.974708 0.222142 0.024441 96.595319 -0.222648 0.974685 0.020411 -58.298268 -0.019288 -0.025336 0.999493 1.297898
0.976117 0.215870 0.024428 97.133992 -0.216491 0.975924 0.026543 -58.391928 -0.018110 -0.031197 0.999349 1.293253
0.976811 0.212953 0.022184 97.665836 -0.213621 0.976322 0.034090 -58.484266 -0.014399 -0.038038 0.999173 1.282288
0.976979 0.212402 0.019946 98.186606 -0.213000 0.976414 0.035309 -58.594595 -0.011976 -0.038745 0.999177 1.284676
0.976544 0.214706 0.016230 98.739696 -0.215145 0.976008 0.033478 -58.734434 -0.008653 -0.036184 0.999308 1.280554
0.975696 0.218903 0.009902 99.285737 -0.219115 0.975118 0.033669 -58.859304 -0.002285 -0.035020 0.999384 1.282457
0.974776 0.223102 0.006056 99.831668 -0.223175 0.974124 0.035723 -58.988966 0.002070 -0.036173 0.999343 1.280912
0.973787 0.227351 0.007152 100.412072 -0.227456 0.973020 0.038667 -59.113272 0.001832 -0.039281 0.999227 1.279060
0.972484 0.232701 0.011175 101.011078 -0.232964 0.971662 0.040011 -59.245717 -0.001548 -0.041514 0.999137 1.274497
0.971278 0.237406 0.016054 101.609374 -0.237862 0.970527 0.038714 -59.394310 -0.006390 -0.041421 0.999121 1.276277
0.970226 0.241299 0.020907 102.233424 -0.241910 0.969680 0.034642 -59.544184 -0.011914 -0.038668 0.999181 1.268141
0.969301 0.244569 0.025329 102.872243 -0.245308 0.968918 0.031967 -59.713587 -0.016724 -0.037200 0.999168 1.264187
0.968464 0.247881 0.025131 103.489187 -0.248539 0.968225 0.027709 -59.883015 -0.017464 -0.033081 0.999300 1.262487
0.968349 0.248670 0.021509 104.121346 -0.249124 0.968224 0.021911 -60.045840 -0.015377 -0.026576 0.999529 1.256975
0.968518 0.248530 0.014332 104.779853 -0.248795 0.968321 0.021325 -60.211027 -0.008578 -0.024219 0.999670 1.263212
0.968872 0.247418 0.008475 105.443999 -0.247560 0.968471 0.027878 -60.373344 -0.001310 -0.029108 0.999575 1.249545
0.969486 0.245087 0.005369 106.120048 -0.245134 0.968992 0.031055 -60.536253 0.002408 -0.031423 0.999503 1.251172
0.970029 0.242816 0.009230 106.819624 -0.242983 0.969604 0.028767 -60.701617 -0.001964 -0.030147 0.999544 1.244193
0.970323 0.241306 0.015645 107.524143 -0.241623 0.970090 0.023298 -60.867093 -0.009555 -0.026387 0.999606 1.251439
0.970896 0.238583 0.020958 108.257499 -0.239018 0.970777 0.021515 -61.043871 -0.015212 -0.025899 0.999549 1.237799
0.971360 0.236655 0.021295 108.956555 -0.237149 0.971157 0.024791 -61.220787 -0.014813 -0.029131 0.999466 1.240190
